date,time,cpu-thermal
2026-09-01,00:01:01,58.625,58.406,NA,NA,NA,58.062,58.062,57.406,58.625
2026-09-01,00:02:01,58.500,58.531,NA,NA,NA,57.937,58.031,57.468,58.531
2026-09-01,00:03:01,58.656,58.531,NA,NA,NA,57.906,58.000,57.531,58.656
2026-09-01,00:04:01,58.593,58.500,NA,NA,NA,58.062,58.062,57.500,58.593
2026-09-01,00:05:01,58.343,58.812,NA,NA,NA,58.125,58.062,57.468,58.812
2026-09-01,00:06:01,58.656,58.468,NA,NA,NA,58.031,58.093,57.375,58.687
2026-09-01,00:07:02,58.375,58.406,NA,NA,NA,57.937,57.937,57.343,58.406
2026-09-01,00:08:01,58.343,58.531,NA,NA,NA,58.000,57.968,57.437,58.531
2026-09-01,00:09:01,58.437,58.406,NA,NA,NA,58.000,57.906,57.406,58.437
2026-09-01,00:10:01,58.343,58.562,NA,NA,NA,57.937,57.968,57.406,58.562
2026-09-01,00:11:01,58.312,58.437,NA,NA,NA,57.937,57.968,57.281,58.437
2026-09-01,00:12:01,58.375,58.812,NA,NA,NA,58.000,57.968,57.250,58.375
2026-09-01,00:13:01,58.343,58.718,NA,NA,NA,57.875,57.781,57.250,58.718
2026-09-01,00:14:01,58.218,58.375,NA,NA,NA,57.812,57.750,57.218,58.375
2026-09-01,00:15:01,58.250,58.656,NA,NA,NA,57.906,58.031,57.250,58.656
2026-09-01,00:16:01,58.656,58.343,NA,NA,NA,57.750,57.906,57.218,58.656
2026-09-01,00:17:01,58.375,58.218,NA,NA,NA,57.812,57.906,57.281,58.375
2026-09-01,00:18:01,58.375,58.218,NA,NA,NA,57.812,57.812,57.312,58.375
2026-09-01,00:19:01,58.343,58.500,NA,NA,NA,57.812,57.968,57.250,58.500
2026-09-01,00:20:02,58.343,58.500,NA,NA,NA,57.875,57.812,57.281,58.500
2026-09-01,00:21:01,58.343,58.468,NA,NA,NA,57.875,57.843,57.312,58.468
2026-09-01,00:22:01,58.125,58.250,NA,NA,NA,57.937,57.968,57.250,58.312
2026-09-01,00:23:01,58.343,58.687,NA,NA,NA,57.875,57.906,57.281,58.687
2026-09-01,00:24:01,58.281,58.406,NA,NA,NA,57.750,57.843,57.281,58.406
2026-09-01,00:25:01,58.437,58.718,NA,NA,NA,57.906,57.781,57.187,58.718
2026-09-01,00:26:01,58.312,58.281,NA,NA,NA,57.750,57.968,57.187,58.312
2026-09-01,00:27:01,58.437,58.250,NA,NA,NA,57.781,57.843,57.250,58.437
2026-09-01,00:28:01,58.437,58.468,NA,NA,NA,57.843,57.843,57.250,58.468
2026-09-01,00:29:01,58.625,58.500,NA,NA,NA,57.781,57.750,57.218,58.625
2026-09-01,00:30:01,58.593,58.250,NA,NA,NA,57.750,57.812,57.125,58.437
2026-09-01,00:31:01,58.281,58.468,NA,NA,NA,57.718,57.781,57.218,58.281
2026-09-01,00:32:02,58.656,58.406,NA,NA,NA,57.750,57.875,57.218,58.656
2026-09-01,00:33:01,58.687,58.093,NA,NA,NA,57.750,57.718,57.281,58.687
2026-09-01,00:34:01,58.375,58.406,NA,NA,NA,57.781,57.750,57.281,58.812
2026-09-01,00:35:01,58.312,58.531,NA,NA,NA,57.750,57.968,57.218,58.531
2026-09-01,00:36:01,58.656,58.281,NA,NA,NA,57.687,57.937,57.218,58.656
2026-09-01,00:37:01,58.593,58.593,NA,NA,NA,57.750,57.812,57.125,58.593
2026-09-01,00:38:01,58.125,58.125,NA,NA,NA,57.781,57.812,57.250,58.500
2026-09-01,00:39:01,58.406,58.187,NA,NA,NA,57.781,57.718,57.156,58.406
2026-09-01,00:40:01,58.437,58.406,NA,NA,NA,57.750,57.781,57.250,58.437
2026-09-01,00:41:01,58.343,58.406,NA,NA,NA,57.625,57.812,57.062,58.406
2026-09-01,00:42:01,58.437,58.031,NA,NA,NA,57.656,57.687,57.031,58.437
2026-09-01,00:43:01,58.031,58.218,NA,NA,NA,57.687,57.781,57.156,58.218
2026-09-01,00:44:01,58.000,58.156,NA,NA,NA,57.625,57.687,56.968,58.156
2026-09-01,00:45:02,58.500,58.187,NA,NA,NA,57.750,57.781,56.968,58.500
2026-09-01,00:46:01,58.500,58.406,NA,NA,NA,57.625,57.625,57.031,58.500
2026-09-01,00:47:01,58.125,58.062,NA,NA,NA,57.562,57.625,57.062,58.125
2026-09-01,00:48:01,57.843,58.125,NA,NA,NA,57.750,57.593,56.968,58.125
2026-09-01,00:49:01,58.218,58.281,NA,NA,NA,57.562,57.593,57.000,58.281
2026-09-01,00:50:01,57.843,58.187,NA,NA,NA,57.718,57.562,57.000,58.187
2026-09-01,00:51:01,58.156,58.000,NA,NA,NA,57.718,57.625,57.000,58.281
2026-09-01,00:52:01,57.968,58.000,NA,NA,NA,57.750,57.656,57.031,58.000
2026-09-01,00:53:01,58.031,58.000,NA,NA,NA,57.656,57.625,57.062,58.031
2026-09-01,00:54:01,57.875,57.906,NA,NA,NA,57.562,57.593,57.062,57.906
2026-09-01,00:55:01,57.906,58.125,NA,NA,NA,57.593,57.531,56.968,58.468
2026-09-01,00:56:01,57.968,58.062,NA,NA,NA,57.562,57.593,56.968,58.062
2026-09-01,00:57:02,58.031,58.062,NA,NA,NA,57.750,57.656,57.000,58.062
2026-09-01,00:58:01,58.093,58.031,NA,NA,NA,57.687,57.718,57.093,58.406
2026-09-01,00:59:01,58.125,57.968,NA,NA,NA,57.562,57.531,56.937,58.125
2026-09-01,01:00:01,58.000,58.125,NA,NA,NA,57.562,57.593,57.000,58.125
2026-09-01,01:01:01,58.125,58.000,NA,NA,NA,57.593,57.656,56.875,58.125
2026-09-01,01:02:01,58.187,58.000,NA,NA,NA,57.562,57.562,56.937,58.156
2026-09-01,01:03:01,58.031,58.000,NA,NA,NA,57.687,57.656,57.062,58.031
2026-09-01,01:04:01,57.875,58.187,NA,NA,NA,57.656,57.656,57.000,58.187
2026-09-01,01:05:01,57.968,58.406,NA,NA,NA,57.718,57.656,57.062,58.406
2026-09-01,01:06:01,57.906,58.031,NA,NA,NA,57.593,57.656,56.968,58.031
2026-09-01,01:07:01,58.000,58.312,NA,NA,NA,57.656,57.718,57.062,58.312
2026-09-01,01:08:01,58.062,58.062,NA,NA,NA,57.468,57.531,56.937,58.062
2026-09-01,01:09:02,58.125,58.281,NA,NA,NA,57.718,57.750,57.031,58.281
2026-09-01,01:10:01,57.968,58.250,NA,NA,NA,57.562,57.562,56.906,58.250
2026-09-01,01:11:01,58.062,57.937,NA,NA,NA,57.500,57.562,57.000,57.937
2026-09-01,01:12:01,57.906,58.218,NA,NA,NA,57.656,57.687,57.093,58.218
2026-09-01,01:13:01,57.968,58.156,NA,NA,NA,57.687,57.593,57.031,58.156
2026-09-01,01:14:01,58.000,58.000,NA,NA,NA,57.750,57.750,57.000,58.125
2026-09-01,01:15:01,58.093,58.500,NA,NA,NA,57.593,57.593,56.968,58.500
2026-09-01,01:16:01,57.906,58.375,NA,NA,NA,57.593,57.656,57.000,58.375
2026-09-01,01:17:01,58.437,58.000,NA,NA,NA,57.593,57.718,57.031,58.437
2026-09-01,01:18:01,57.875,58.093,NA,NA,NA,57.687,57.656,57.000,58.093
2026-09-01,01:19:01,58.031,58.093,NA,NA,NA,57.687,57.656,57.093,58.187
2026-09-01,01:20:01,57.968,58.343,NA,NA,NA,57.750,57.656,57.093,58.343
2026-09-01,01:21:01,57.968,58.093,NA,NA,NA,57.718,57.656,57.031,58.093
2026-09-01,01:22:02,57.906,58.281,NA,NA,NA,57.718,57.625,57.062,58.281
2026-09-01,01:23:01,58.156,58.343,NA,NA,NA,57.812,57.750,57.156,58.343
2026-09-01,01:24:01,58.031,58.250,NA,NA,NA,57.750,57.687,57.093,58.031
2026-09-01,01:25:01,58.281,58.187,NA,NA,NA,57.750,57.781,57.093,58.281
2026-09-01,01:26:01,58.531,58.031,NA,NA,NA,57.687,57.625,57.062,58.250
2026-09-01,01:27:01,57.875,58.187,NA,NA,NA,57.750,57.625,56.937,58.187
2026-09-01,01:28:01,58.343,58.000,NA,NA,NA,57.750,57.625,57.125,58.343
2026-09-01,01:29:01,57.968,58.500,NA,NA,NA,57.687,57.687,57.062,58.500
2026-09-01,01:30:01,57.968,58.218,NA,NA,NA,57.718,57.718,57.031,58.218
2026-09-01,01:31:01,58.312,58.468,NA,NA,NA,57.687,57.687,57.125,58.468
2026-09-01,01:32:01,57.937,58.406,NA,NA,NA,57.750,57.718,57.062,58.406
2026-09-01,01:33:01,58.093,58.187,NA,NA,NA,57.812,57.718,57.187,58.187
2026-09-01,01:34:02,58.093,58.406,NA,NA,NA,57.781,57.750,57.187,58.406
2026-09-01,01:35:01,58.250,58.093,NA,NA,NA,57.687,57.687,57.062,58.281
2026-09-01,01:36:01,58.156,58.375,NA,NA,NA,57.656,57.625,57.156,58.375
2026-09-01,01:37:01,58.093,58.281,NA,NA,NA,57.656,57.656,57.093,58.281
2026-09-01,01:38:01,58.156,58.312,NA,NA,NA,57.625,57.718,57.093,58.312
2026-09-01,01:39:01,58.625,58.093,NA,NA,NA,57.750,57.750,57.031,58.625
2026-09-01,01:40:01,58.187,58.218,NA,NA,NA,57.812,57.750,57.187,58.218
2026-09-01,01:41:01,58.312,58.312,NA,NA,NA,57.750,57.812,57.156,58.656
2026-09-01,01:42:01,58.000,58.250,NA,NA,NA,57.750,57.812,57.125,58.250
2026-09-01,01:43:01,57.937,58.500,NA,NA,NA,57.656,57.812,57.093,58.187
2026-09-01,01:44:01,58.000,58.468,NA,NA,NA,57.750,57.781,57.093,58.468
2026-09-01,01:45:01,58.062,58.125,NA,NA,NA,57.687,57.781,57.062,58.125
2026-09-01,01:46:01,58.062,58.406,NA,NA,NA,57.687,57.687,57.125,58.406
2026-09-01,01:47:02,58.000,58.156,NA,NA,NA,57.718,57.750,57.156,58.156
2026-09-01,01:48:01,58.093,58.156,NA,NA,NA,57.750,57.750,57.156,58.156
2026-09-01,01:49:01,58.031,58.375,NA,NA,NA,57.781,57.718,57.156,58.218
2026-09-01,01:50:01,58.468,58.312,NA,NA,NA,57.750,57.843,57.218,58.468
2026-09-01,01:51:01,58.031,58.218,NA,NA,NA,57.750,57.843,57.156,58.218
2026-09-01,01:52:01,58.093,58.250,NA,NA,NA,57.750,57.718,57.093,58.250
2026-09-01,01:53:01,58.437,58.281,NA,NA,NA,57.812,57.812,57.125,58.437
2026-09-01,01:54:01,58.093,58.156,NA,NA,NA,57.906,57.843,57.062,58.406
2026-09-01,01:55:01,58.281,58.500,NA,NA,NA,57.750,57.718,57.156,58.500
2026-09-01,01:56:01,58.312,58.468,NA,NA,NA,57.750,57.718,57.187,58.468
2026-09-01,01:57:01,58.250,58.187,NA,NA,NA,57.656,57.625,57.125,58.250
2026-09-01,01:58:01,58.562,58.406,NA,NA,NA,57.750,57.656,56.968,58.562
2026-09-01,01:59:02,57.875,58.343,NA,NA,NA,57.625,57.750,57.062,58.343
2026-09-01,02:00:01,57.937,58.281,NA,NA,NA,57.750,57.781,57.093,58.281
2026-09-01,02:01:01,57.968,58.218,NA,NA,NA,57.750,57.656,57.218,58.218
2026-09-01,02:02:01,58.406,58.062,NA,NA,NA,57.812,57.750,57.218,58.406
2026-09-01,02:03:01,58.500,58.250,NA,NA,NA,57.750,57.781,57.156,58.500
2026-09-01,02:04:01,58.343,58.218,NA,NA,NA,57.875,57.875,57.250,58.343
2026-09-01,02:05:01,58.437,58.531,NA,NA,NA,57.750,57.625,57.156,58.531
2026-09-01,02:06:01,58.406,58.156,NA,NA,NA,57.593,57.625,57.093,58.406
2026-09-01,02:07:01,58.218,58.218,NA,NA,NA,57.718,57.656,57.187,58.218
2026-09-01,02:08:01,58.187,58.218,NA,NA,NA,57.812,57.718,57.062,58.218
2026-09-01,02:09:01,57.937,58.375,NA,NA,NA,57.750,57.656,57.156,58.375
2026-09-01,02:10:01,58.156,58.093,NA,NA,NA,57.718,57.718,57.125,58.093
2026-09-01,02:11:01,57.968,58.281,NA,NA,NA,57.750,57.750,57.062,58.187
2026-09-01,02:12:02,58.093,58.000,NA,NA,NA,57.812,57.781,57.031,58.093
2026-09-01,02:13:01,57.968,58.156,NA,NA,NA,57.843,57.750,57.156,58.218
2026-09-01,02:14:01,58.218,58.156,NA,NA,NA,57.687,57.687,57.093,58.218
2026-09-01,02:15:01,58.062,58.062,NA,NA,NA,57.718,57.750,57.156,58.062
2026-09-01,02:16:01,57.906,58.156,NA,NA,NA,57.812,57.750,57.156,58.156
2026-09-01,02:17:01,58.531,58.312,NA,NA,NA,57.625,57.656,57.093,58.531
2026-09-01,02:18:01,58.406,58.062,NA,NA,NA,57.687,57.656,57.000,58.406
2026-09-01,02:19:01,57.968,58.000,NA,NA,NA,57.656,57.656,57.093,58.000
2026-09-01,02:20:01,58.250,58.187,NA,NA,NA,57.625,57.625,57.031,58.250
2026-09-01,02:21:01,58.437,58.062,NA,NA,NA,57.687,57.625,57.093,58.125
2026-09-01,02:22:01,57.968,58.500,NA,NA,NA,57.656,57.812,57.156,58.500
2026-09-01,02:23:01,58.312,58.500,NA,NA,NA,57.781,57.843,57.125,58.500
2026-09-01,02:24:02,58.125,58.156,NA,NA,NA,57.781,57.718,57.125,58.156
2026-09-01,02:25:01,58.093,58.187,NA,NA,NA,57.781,57.781,57.125,58.187
2026-09-01,02:26:01,58.093,58.406,NA,NA,NA,57.750,57.718,57.187,58.406
2026-09-01,02:27:01,58.000,58.187,NA,NA,NA,57.750,57.750,57.125,58.187
2026-09-01,02:28:01,57.937,58.312,NA,NA,NA,57.750,57.718,57.125,58.312
2026-09-01,02:29:01,58.187,58.281,NA,NA,NA,57.656,57.656,57.062,58.281
2026-09-01,02:30:01,58.156,58.125,NA,NA,NA,57.625,57.625,57.031,58.156
2026-09-01,02:31:01,58.406,58.343,NA,NA,NA,57.750,57.625,57.125,58.406
2026-09-01,02:32:01,58.156,58.343,NA,NA,NA,57.687,57.656,57.093,58.343
2026-09-01,02:33:01,58.281,58.093,NA,NA,NA,57.750,57.750,57.062,58.281
2026-09-01,02:34:01,58.218,58.468,NA,NA,NA,57.750,57.656,57.187,58.468
2026-09-01,02:35:01,58.187,58.156,NA,NA,NA,57.656,57.625,57.156,58.187
2026-09-01,02:36:01,58.031,58.500,NA,NA,NA,57.656,57.687,57.156,58.500
2026-09-01,02:37:02,58.125,58.437,NA,NA,NA,57.812,57.843,57.250,58.437
2026-09-01,02:38:01,58.187,58.375,NA,NA,NA,57.718,57.750,57.156,58.375
2026-09-01,02:39:01,58.093,58.093,NA,NA,NA,57.718,57.781,57.125,58.093
2026-09-01,02:40:01,57.968,58.031,NA,NA,NA,57.781,57.750,57.156,58.031
2026-09-01,02:41:01,58.312,58.062,NA,NA,NA,57.843,57.812,57.187,58.312
2026-09-01,02:42:01,58.000,58.125,NA,NA,NA,57.750,57.718,57.156,58.250
2026-09-01,02:43:01,58.218,58.156,NA,NA,NA,57.718,57.687,57.093,58.218
2026-09-01,02:44:01,58.093,58.187,NA,NA,NA,57.750,57.687,57.125,58.187
2026-09-01,02:45:01,57.968,58.156,NA,NA,NA,57.781,57.687,57.062,58.187
2026-09-01,02:46:01,57.968,58.437,NA,NA,NA,57.750,57.656,57.000,58.437
2026-09-01,02:47:01,58.312,58.312,NA,NA,NA,57.750,57.781,57.062,58.312
2026-09-01,02:48:01,58.218,58.093,NA,NA,NA,57.875,57.750,57.031,58.218
2026-09-01,02:49:02,58.187,58.125,NA,NA,NA,57.718,57.656,57.156,58.187
2026-09-01,02:50:01,58.218,58.343,NA,NA,NA,57.656,57.625,57.093,58.343
2026-09-01,02:51:01,57.937,58.031,NA,NA,NA,57.718,57.656,57.000,58.125
2026-09-01,02:52:01,58.250,58.031,NA,NA,NA,57.812,57.781,57.000,58.281
2026-09-01,02:53:01,58.125,58.562,NA,NA,NA,57.687,57.750,56.875,58.562
2026-09-01,02:54:01,58.187,58.125,NA,NA,NA,57.562,57.812,56.968,58.187
2026-09-01,02:55:01,58.250,58.437,NA,NA,NA,57.750,57.781,57.062,58.437
2026-09-01,02:56:01,58.187,58.437,NA,NA,NA,57.593,57.562,56.937,58.437
2026-09-01,02:57:01,58.218,58.343,NA,NA,NA,57.781,57.718,57.031,58.343
2026-09-01,02:58:01,58.156,58.062,NA,NA,NA,57.593,57.781,57.031,58.156
2026-09-01,02:59:01,58.093,58.312,NA,NA,NA,57.718,57.625,57.062,58.312
2026-09-01,03:00:01,58.156,58.218,NA,NA,NA,57.593,57.531,57.000,58.218
2026-09-01,03:01:02,58.375,58.312,NA,NA,NA,57.750,57.656,57.125,58.375
2026-09-01,03:02:01,58.218,57.937,NA,NA,NA,57.687,57.718,57.062,58.218
2026-09-01,03:03:01,58.125,57.968,NA,NA,NA,57.531,57.562,56.937,58.125
2026-09-01,03:04:01,58.187,58.187,NA,NA,NA,57.562,57.468,56.906,58.187
2026-09-01,03:05:01,58.156,58.343,NA,NA,NA,57.531,57.468,56.968,58.343
2026-09-01,03:06:01,58.093,58.312,NA,NA,NA,57.500,57.593,57.000,58.312
2026-09-01,03:07:01,58.375,58.000,NA,NA,NA,57.562,57.437,56.875,58.375
2026-09-01,03:08:01,57.875,58.281,NA,NA,NA,57.500,57.500,56.906,58.281
2026-09-01,03:09:01,58.031,58.187,NA,NA,NA,57.500,57.468,56.875,58.187
2026-09-01,03:10:01,57.812,58.156,NA,NA,NA,57.500,57.593,56.875,58.156
2026-09-01,03:11:01,58.093,57.875,NA,NA,NA,57.531,57.437,56.843,57.968
2026-09-01,03:12:01,57.906,57.843,NA,NA,NA,57.500,57.437,56.937,57.906
2026-09-01,03:13:01,58.062,57.843,NA,NA,NA,57.437,57.468,56.781,58.062
2026-09-01,03:14:02,57.750,57.781,NA,NA,NA,57.468,57.500,56.875,57.781
2026-09-01,03:15:01,57.812,58.218,NA,NA,NA,57.468,57.500,56.843,58.218
2026-09-01,03:16:01,58.031,58.218,NA,NA,NA,57.468,57.468,56.875,58.218
2026-09-01,03:17:01,57.843,58.281,NA,NA,NA,57.468,57.468,56.875,58.281
2026-09-01,03:18:01,57.781,57.937,NA,NA,NA,57.468,57.468,57.031,58.031
2026-09-01,03:19:01,58.031,57.968,NA,NA,NA,57.468,57.468,56.906,58.031
2026-09-01,03:20:01,58.125,57.968,NA,NA,NA,57.343,57.593,56.812,58.125
2026-09-01,03:21:01,58.000,58.093,NA,NA,NA,57.375,57.625,56.843,58.093
2026-09-01,03:22:01,58.125,57.843,NA,NA,NA,57.343,57.562,56.875,58.125
2026-09-01,03:23:01,58.312,58.000,NA,NA,NA,57.375,57.625,56.781,58.312
2026-09-01,03:24:01,57.625,58.031,NA,NA,NA,57.406,57.468,56.843,58.031
2026-09-01,03:25:01,57.843,57.812,NA,NA,NA,57.437,57.531,56.843,57.843
2026-09-01,03:26:02,57.750,58.000,NA,NA,NA,57.468,57.468,56.812,58.000
2026-09-01,03:27:01,57.687,57.812,NA,NA,NA,57.531,57.406,56.875,57.812
2026-09-01,03:28:01,57.750,58.000,NA,NA,NA,57.406,57.406,56.843,58.000
2026-09-01,03:29:01,57.718,57.906,NA,NA,NA,57.468,57.468,56.906,57.906
2026-09-01,03:30:01,57.781,58.187,NA,NA,NA,57.468,57.406,56.812,58.187
2026-09-01,03:31:01,57.906,57.875,NA,NA,NA,57.437,57.468,56.781,58.218
2026-09-01,03:32:01,58.000,57.906,NA,NA,NA,57.437,57.468,56.625,58.000
2026-09-01,03:33:01,57.875,58.156,NA,NA,NA,57.312,57.250,56.718,58.156
2026-09-01,03:34:01,58.000,58.062,NA,NA,NA,57.343,57.312,56.750,58.062
2026-09-01,03:35:01,58.000,57.781,NA,NA,NA,57.281,57.250,56.625,57.906
2026-09-01,03:36:01,57.875,58.031,NA,NA,NA,57.312,57.250,56.687,58.031
2026-09-01,03:37:01,58.187,57.718,NA,NA,NA,57.375,57.281,56.718,58.187
2026-09-01,03:38:01,58.000,58.000,NA,NA,NA,57.281,57.187,56.687,58.000
2026-09-01,03:39:02,57.750,57.718,NA,NA,NA,57.281,57.218,56.750,57.750
2026-09-01,03:40:01,57.875,57.625,NA,NA,NA,57.406,57.312,56.718,57.875
2026-09-01,03:41:01,58.000,57.968,NA,NA,NA,57.375,57.343,56.781,58.000
2026-09-01,03:42:01,57.906,57.656,NA,NA,NA,57.343,57.375,56.687,57.906
2026-09-01,03:43:01,57.687,57.812,NA,NA,NA,57.406,57.375,56.781,57.812
2026-09-01,03:44:01,57.750,57.718,NA,NA,NA,57.343,57.375,56.687,57.750
2026-09-01,03:45:01,58.000,57.781,NA,NA,NA,57.375,57.375,56.718,58.000
2026-09-01,03:46:01,58.000,57.750,NA,NA,NA,57.375,57.375,56.781,58.000
2026-09-01,03:47:01,58.062,58.093,NA,NA,NA,57.406,57.375,56.750,58.093
2026-09-01,03:48:01,58.062,58.031,NA,NA,NA,57.281,57.468,56.718,58.062
2026-09-01,03:49:01,57.656,57.718,NA,NA,NA,57.375,57.312,56.687,57.812
2026-09-01,03:50:01,58.000,57.656,NA,NA,NA,57.250,57.531,56.687,58.000
2026-09-01,03:51:01,58.093,57.687,NA,NA,NA,57.312,57.187,56.656,57.875
2026-09-01,03:52:02,57.843,57.781,NA,NA,NA,57.406,57.281,56.781,57.843
2026-09-01,03:53:01,57.875,57.750,NA,NA,NA,57.312,57.187,56.687,57.875
2026-09-01,03:54:01,58.187,58.031,NA,NA,NA,57.312,57.218,56.625,57.906
2026-09-01,03:55:01,57.937,57.718,NA,NA,NA,57.406,57.375,56.718,57.937
2026-09-01,03:56:01,57.843,57.687,NA,NA,NA,57.218,57.187,56.687,57.843
2026-09-01,03:57:01,57.718,57.906,NA,NA,NA,57.281,57.375,56.656,57.906
2026-09-01,03:58:01,57.843,57.625,NA,NA,NA,57.281,57.375,56.718,57.906
2026-09-01,03:59:01,57.656,57.593,NA,NA,NA,57.437,57.406,56.750,57.656
2026-09-01,04:00:01,57.750,57.750,NA,NA,NA,57.343,57.312,56.781,57.750
2026-09-01,04:01:01,57.812,57.625,NA,NA,NA,57.468,57.468,56.750,57.812
2026-09-01,04:02:01,57.750,57.656,NA,NA,NA,57.250,57.218,56.656,57.750
2026-09-01,04:03:01,57.718,57.781,NA,NA,NA,57.343,57.406,56.718,57.781
2026-09-01,04:04:02,57.781,58.000,NA,NA,NA,57.312,57.375,56.812,58.000
2026-09-01,04:05:01,58.000,57.687,NA,NA,NA,57.218,57.250,56.625,58.000
2026-09-01,04:06:01,58.125,57.968,NA,NA,NA,57.281,57.156,56.625,58.125
2026-09-01,04:07:01,57.781,57.875,NA,NA,NA,57.218,57.218,56.593,57.875
2026-09-01,04:08:01,57.968,57.656,NA,NA,NA,57.250,57.250,56.718,57.812
2026-09-01,04:09:01,58.062,57.656,NA,NA,NA,57.281,57.250,56.718,58.062
2026-09-01,04:10:01,57.812,57.875,NA,NA,NA,57.218,57.187,56.625,57.875
2026-09-01,04:11:01,57.593,57.875,NA,NA,NA,57.281,57.156,56.687,57.875
2026-09-01,04:12:01,57.750,57.843,NA,NA,NA,57.156,57.281,56.656,57.843
2026-09-01,04:13:01,57.812,57.625,NA,NA,NA,57.281,57.187,56.781,57.656
2026-09-01,04:14:01,57.968,57.562,NA,NA,NA,57.250,57.187,56.718,57.968
2026-09-01,04:15:01,57.750,57.718,NA,NA,NA,57.218,57.187,56.718,57.718
2026-09-01,04:16:02,57.687,58.000,NA,NA,NA,57.281,57.250,56.625,58.000
2026-09-01,04:17:01,57.656,57.656,NA,NA,NA,57.250,57.187,56.781,57.656
2026-09-01,04:18:01,57.593,57.937,NA,NA,NA,57.218,57.281,56.718,57.687
2026-09-01,04:19:01,57.656,57.656,NA,NA,NA,57.281,57.250,56.718,57.906
2026-09-01,04:20:01,57.656,57.906,NA,NA,NA,57.187,57.343,56.562,57.968
2026-09-01,04:21:01,57.968,57.875,NA,NA,NA,57.218,57.093,56.593,57.875
2026-09-01,04:22:01,57.656,57.718,NA,NA,NA,57.187,57.156,56.625,57.718
2026-09-01,04:23:01,57.750,57.562,NA,NA,NA,57.187,57.187,56.718,57.656
2026-09-01,04:24:01,57.750,57.531,NA,NA,NA,57.281,57.218,56.656,57.750
2026-09-01,04:25:01,57.625,58.000,NA,NA,NA,57.187,57.250,56.562,58.000
2026-09-01,04:26:01,57.812,57.906,NA,NA,NA,57.125,57.250,56.562,57.906
2026-09-01,04:27:01,57.718,57.562,NA,NA,NA,56.968,57.062,56.531,57.718
2026-09-01,04:28:01,57.562,57.531,NA,NA,NA,57.156,57.031,56.500,57.562
2026-09-01,04:29:02,57.562,57.531,NA,NA,NA,57.156,57.093,56.562,57.562
2026-09-01,04:30:01,57.531,57.531,NA,NA,NA,57.187,57.218,56.593,57.781
2026-09-01,04:31:01,57.718,57.718,NA,NA,NA,57.187,57.156,56.562,57.718
2026-09-01,04:32:01,57.375,57.625,NA,NA,NA,57.031,57.125,56.500,57.625
2026-09-01,04:33:01,57.718,57.500,NA,NA,NA,57.125,57.062,56.375,57.718
2026-09-01,04:34:01,57.687,57.437,NA,NA,NA,57.156,57.062,56.500,57.687
2026-09-01,04:35:01,57.687,57.593,NA,NA,NA,57.031,57.125,56.437,57.687
2026-09-01,04:36:01,57.687,57.593,NA,NA,NA,57.062,57.125,56.500,57.687
2026-09-01,04:37:01,57.875,57.593,NA,NA,NA,57.093,57.281,56.375,57.875
2026-09-01,04:38:01,57.625,57.656,NA,NA,NA,57.187,57.218,56.718,57.656
2026-09-01,04:39:01,57.687,57.875,NA,NA,NA,57.250,57.000,56.531,57.875
2026-09-01,04:40:01,57.718,57.468,NA,NA,NA,57.031,57.218,56.625,57.718
2026-09-01,04:41:02,57.468,57.781,NA,NA,NA,57.156,57.187,56.593,57.781
2026-09-01,04:42:01,57.406,57.500,NA,NA,NA,57.125,57.031,56.406,57.500
2026-09-01,04:43:01,57.750,57.656,NA,NA,NA,57.062,57.031,56.531,57.500
2026-09-01,04:44:01,57.375,57.375,NA,NA,NA,57.156,57.156,56.437,57.593
2026-09-01,04:45:01,57.656,57.906,NA,NA,NA,57.000,57.156,56.562,57.906
2026-09-01,04:46:01,57.750,57.781,NA,NA,NA,57.062,57.000,56.375,57.781
2026-09-01,04:47:01,57.625,57.531,NA,NA,NA,57.031,57.031,56.406,57.562
2026-09-01,04:48:01,57.656,57.781,NA,NA,NA,57.000,57.000,56.437,57.781
2026-09-01,04:49:01,57.968,57.718,NA,NA,NA,57.093,57.093,56.406,57.718
2026-09-01,04:50:01,57.531,57.656,NA,NA,NA,57.062,57.156,56.468,57.656
2026-09-01,04:51:01,57.531,57.656,NA,NA,NA,57.000,57.218,56.468,57.656
2026-09-01,04:52:01,57.718,57.593,NA,NA,NA,57.062,57.000,56.406,57.718
2026-09-01,04:53:02,57.625,57.468,NA,NA,NA,57.000,57.093,56.531,57.625
2026-09-01,04:54:01,57.406,57.656,NA,NA,NA,57.156,57.125,56.468,57.656
2026-09-01,04:55:01,57.500,57.531,NA,NA,NA,57.281,57.187,56.375,57.531
2026-09-01,04:56:01,57.750,57.781,NA,NA,NA,57.000,57.156,56.437,57.750
2026-09-01,04:57:01,57.406,57.500,NA,NA,NA,57.031,57.062,56.468,57.500
2026-09-01,04:58:01,57.687,57.531,NA,NA,NA,57.125,57.093,56.468,57.687
2026-09-01,04:59:01,57.625,57.718,NA,NA,NA,57.187,57.093,56.468,57.625
2026-09-01,05:00:01,57.468,57.718,NA,NA,NA,57.156,57.250,56.468,57.718
2026-09-01,05:01:01,57.531,57.718,NA,NA,NA,57.093,57.000,56.437,57.718
2026-09-01,05:02:01,57.656,57.625,NA,NA,NA,57.062,57.093,56.406,57.625
2026-09-01,05:03:01,57.781,57.687,NA,NA,NA,57.093,57.156,56.468,57.781
2026-09-01,05:04:01,57.625,57.656,NA,NA,NA,57.000,57.062,56.562,57.656
2026-09-01,05:05:01,57.406,57.531,NA,NA,NA,57.218,57.062,56.468,57.843
2026-09-01,05:06:02,57.500,57.562,NA,NA,NA,57.250,57.187,56.406,57.562
2026-09-01,05:07:01,57.593,57.562,NA,NA,NA,57.093,57.125,56.531,57.593
2026-09-01,05:08:01,57.468,57.562,NA,NA,NA,57.156,57.125,56.468,57.562
2026-09-01,05:09:01,57.468,57.562,NA,NA,NA,57.031,57.156,56.437,57.750
2026-09-01,05:10:01,57.593,57.437,NA,NA,NA,57.000,57.031,56.531,57.468
2026-09-01,05:11:01,57.593,57.656,NA,NA,NA,57.062,57.031,56.437,57.656
2026-09-01,05:12:01,57.593,57.500,NA,NA,NA,57.093,57.093,56.468,57.593
2026-09-01,05:13:01,57.687,57.656,NA,NA,NA,57.125,57.093,56.531,57.687
2026-09-01,05:14:01,57.531,57.656,NA,NA,NA,57.093,57.062,56.468,57.656
2026-09-01,05:15:01,57.718,57.718,NA,NA,NA,57.062,57.031,56.531,57.718
2026-09-01,05:16:01,57.437,57.468,NA,NA,NA,57.093,57.031,56.500,57.468
2026-09-01,05:17:01,57.250,57.531,NA,NA,NA,57.031,57.125,56.406,57.531
2026-09-01,05:18:02,57.406,57.500,NA,NA,NA,57.031,57.156,56.437,57.500
2026-09-01,05:19:01,57.750,57.468,NA,NA,NA,56.875,56.937,56.281,57.750
2026-09-01,05:20:01,57.562,57.406,NA,NA,NA,56.843,56.875,56.250,57.562
2026-09-01,05:21:01,57.312,57.687,NA,NA,NA,56.968,56.906,56.312,57.687
2026-09-01,05:22:01,57.750,57.343,NA,NA,NA,56.781,56.906,56.281,57.750
2026-09-01,05:23:01,57.375,57.343,NA,NA,NA,56.875,57.000,56.375,57.375
2026-09-01,05:24:01,57.406,57.625,NA,NA,NA,56.875,56.812,56.312,57.625
2026-09-01,05:25:01,57.281,57.562,NA,NA,NA,56.937,57.000,56.281,57.562
2026-09-01,05:26:01,57.281,57.500,NA,NA,NA,56.875,57.000,56.312,57.500
2026-09-01,05:27:01,57.312,57.281,NA,NA,NA,56.843,57.000,56.281,57.406
2026-09-01,05:28:01,57.593,57.375,NA,NA,NA,56.812,56.906,56.281,57.593
2026-09-01,05:29:01,57.500,57.375,NA,NA,NA,56.812,56.875,56.343,57.500
2026-09-01,05:30:01,57.218,57.406,NA,NA,NA,56.875,56.718,56.218,57.406
2026-09-01,05:31:02,57.312,57.687,NA,NA,NA,56.812,56.968,56.312,57.687
2026-09-01,05:32:01,57.250,57.218,NA,NA,NA,56.843,56.906,56.312,57.250
2026-09-01,05:33:01,57.250,57.218,NA,NA,NA,56.906,56.906,56.281,57.375
2026-09-01,05:34:01,57.125,57.531,NA,NA,NA,56.843,56.875,56.187,57.531
2026-09-01,05:35:01,57.750,57.156,NA,NA,NA,56.750,56.843,56.250,57.750
2026-09-01,05:36:01,57.062,57.125,NA,NA,NA,56.812,56.843,56.093,57.125
2026-09-01,05:37:01,57.250,57.312,NA,NA,NA,56.812,56.843,56.250,57.312
2026-09-01,05:38:01,57.406,57.250,NA,NA,NA,56.562,56.875,56.031,57.562
2026-09-01,05:39:01,57.531,57.187,NA,NA,NA,56.625,56.687,56.062,57.187
2026-09-01,05:40:01,57.000,57.156,NA,NA,NA,56.718,56.687,56.125,57.156
2026-09-01,05:41:01,57.031,57.125,NA,NA,NA,56.656,56.718,56.000,57.125
2026-09-01,05:42:01,57.156,57.062,NA,NA,NA,56.625,56.843,56.000,57.375
2026-09-01,05:43:02,57.156,57.312,NA,NA,NA,56.562,56.750,56.062,57.312
2026-09-01,05:44:01,56.906,57.062,NA,NA,NA,56.656,56.593,55.937,57.062
2026-09-01,05:45:01,57.343,57.031,NA,NA,NA,56.562,56.625,56.031,57.062
2026-09-01,05:46:01,57.218,57.031,NA,NA,NA,56.656,56.718,56.031,57.218
2026-09-01,05:47:01,56.906,56.937,NA,NA,NA,56.687,56.625,56.062,57.031
2026-09-01,05:48:01,56.875,57.437,NA,NA,NA,56.687,56.687,55.968,57.437
2026-09-01,05:49:01,57.312,57.531,NA,NA,NA,56.593,56.781,55.875,57.531
2026-09-01,05:50:01,57.000,57.375,NA,NA,NA,56.468,56.500,56.000,57.375
2026-09-01,05:51:01,57.187,57.031,NA,NA,NA,56.562,56.593,56.031,57.250
2026-09-01,05:52:01,56.812,57.031,NA,NA,NA,56.593,56.531,55.843,57.031
2026-09-01,05:53:01,56.937,56.968,NA,NA,NA,56.468,56.500,56.031,56.968
2026-09-01,05:54:01,56.875,56.906,NA,NA,NA,56.500,56.562,55.875,56.906
2026-09-01,05:55:01,56.906,56.968,NA,NA,NA,56.562,56.593,56.031,57.125
2026-09-01,05:56:01,57.000,57.093,NA,NA,NA,56.375,56.625,55.812,57.093
2026-09-01,05:57:01,56.906,57.031,NA,NA,NA,56.531,56.500,55.906,57.031
2026-09-01,05:58:01,57.250,56.812,NA,NA,NA,56.468,56.500,55.875,57.250
2026-09-01,05:59:01,57.156,57.343,NA,NA,NA,56.437,56.437,55.843,57.343
2026-09-01,06:00:01,56.906,57.000,NA,NA,NA,56.406,56.500,55.812,57.343
2026-09-01,06:01:01,57.468,56.968,NA,NA,NA,56.468,56.500,55.812,57.468
2026-09-01,06:02:01,56.906,56.968,NA,NA,NA,56.437,56.531,55.875,56.968
2026-09-01,06:03:01,57.062,56.875,NA,NA,NA,56.468,56.468,55.843,57.062
2026-09-01,06:04:01,57.187,56.906,NA,NA,NA,56.375,56.687,55.781,57.187
2026-09-01,06:05:01,57.125,57.062,NA,NA,NA,56.343,56.656,55.812,57.125
2026-09-01,06:06:01,56.750,56.843,NA,NA,NA,56.343,56.625,55.781,56.843
2026-09-01,06:07:01,57.156,56.937,NA,NA,NA,56.375,56.593,55.812,57.156
2026-09-01,06:08:02,56.843,57.000,NA,NA,NA,56.468,56.468,55.875,57.062
2026-09-01,06:09:01,56.937,56.937,NA,NA,NA,56.343,56.468,55.875,56.937
2026-09-01,06:10:01,57.218,57.312,NA,NA,NA,56.781,56.750,56.187,57.343
2026-09-01,06:11:01,57.125,57.531,NA,NA,NA,56.531,56.593,55.968,57.531
2026-09-01,06:12:01,56.937,57.375,NA,NA,NA,56.468,56.468,55.812,57.375
2026-09-01,06:13:01,56.656,57.187,NA,NA,NA,56.406,56.437,55.812,57.187
2026-09-01,06:14:01,57.156,56.875,NA,NA,NA,56.406,56.375,55.812,56.875
2026-09-01,06:15:01,56.593,56.750,NA,NA,NA,56.375,56.375,55.656,56.750
2026-09-01,06:16:01,56.906,56.968,NA,NA,NA,56.312,56.406,55.718,56.968
2026-09-01,06:17:01,56.781,56.687,NA,NA,NA,56.312,56.343,55.718,56.750
2026-09-01,06:18:01,56.843,56.593,NA,NA,NA,56.281,56.312,55.687,56.843
2026-09-01,06:19:01,56.562,56.843,NA,NA,NA,56.375,56.312,55.656,56.843
2026-09-01,06:20:02,56.781,56.593,NA,NA,NA,56.281,56.343,55.718,56.781
2026-09-01,06:21:01,56.718,56.812,NA,NA,NA,56.437,56.312,55.750,56.812
2026-09-01,06:22:01,56.875,57.000,NA,NA,NA,56.218,56.187,55.562,56.875
2026-09-01,06:23:01,56.625,56.687,NA,NA,NA,56.218,56.187,55.531,56.687
2026-09-01,06:24:01,56.875,56.937,NA,NA,NA,56.187,56.156,55.656,56.937
2026-09-01,06:25:01,56.593,56.875,NA,NA,NA,56.218,56.250,55.625,56.875
2026-09-01,06:26:01,56.781,56.562,NA,NA,NA,56.343,56.250,55.687,56.781
2026-09-01,06:27:01,56.593,56.687,NA,NA,NA,56.187,56.312,55.687,56.593
2026-09-01,06:28:01,56.750,56.812,NA,NA,NA,56.312,56.312,55.468,56.812
2026-09-01,06:29:01,56.625,56.687,NA,NA,NA,56.093,56.062,55.500,56.687
2026-09-01,06:30:01,56.593,56.625,NA,NA,NA,56.281,56.218,55.500,56.656
2026-09-01,06:31:01,56.593,56.500,NA,NA,NA,56.250,56.187,55.468,56.625
2026-09-01,06:32:01,56.656,56.718,NA,NA,NA,56.093,56.187,55.468,56.718
2026-09-01,06:33:02,56.468,56.437,NA,NA,NA,56.187,56.156,55.562,56.468
2026-09-01,06:34:01,56.718,56.968,NA,NA,NA,56.250,56.156,55.531,56.968
2026-09-01,06:35:01,56.593,56.843,NA,NA,NA,56.031,56.250,55.500,56.843
2026-09-01,06:36:01,56.593,56.562,NA,NA,NA,56.093,56.031,55.468,56.562
2026-09-01,06:37:01,56.625,56.562,NA,NA,NA,56.062,56.125,55.375,56.625
2026-09-01,06:38:01,56.406,56.531,NA,NA,NA,56.125,56.093,55.500,56.531
2026-09-01,06:39:01,56.468,56.687,NA,NA,NA,56.093,56.156,55.468,56.687
2026-09-01,06:40:01,56.625,56.750,NA,NA,NA,56.031,56.093,55.375,56.750
2026-09-01,06:41:01,56.343,56.656,NA,NA,NA,56.218,56.093,55.468,56.781
2026-09-01,06:42:01,56.656,56.531,NA,NA,NA,55.968,56.187,55.375,56.656
2026-09-01,06:43:01,56.562,56.468,NA,NA,NA,56.218,56.343,55.468,56.562
2026-09-01,06:44:01,56.812,56.500,NA,NA,NA,56.125,56.312,55.500,56.812
2026-09-01,06:45:01,56.406,56.500,NA,NA,NA,56.187,56.156,55.531,56.500
2026-09-01,06:46:02,56.750,56.687,NA,NA,NA,56.281,56.187,55.593,56.750
2026-09-01,06:47:01,56.531,56.593,NA,NA,NA,56.187,56.218,55.593,56.593
2026-09-01,06:48:01,56.812,56.656,NA,NA,NA,56.156,56.156,55.531,57.031
2026-09-01,06:49:01,56.343,56.656,NA,NA,NA,56.156,56.093,55.437,56.656
2026-09-01,06:50:01,56.593,56.500,NA,NA,NA,56.125,56.187,55.375,56.593
2026-09-01,06:51:01,56.531,56.843,NA,NA,NA,56.250,56.281,55.437,56.875
2026-09-01,06:52:01,56.625,56.843,NA,NA,NA,56.218,56.093,55.500,56.843
2026-09-01,06:53:01,56.406,56.562,NA,NA,NA,56.125,56.156,55.468,56.593
2026-09-01,06:54:01,56.562,56.562,NA,NA,NA,56.281,56.156,55.562,56.562
2026-09-01,06:55:01,56.781,56.812,NA,NA,NA,56.218,56.218,55.593,56.812
2026-09-01,06:56:01,56.656,56.500,NA,NA,NA,56.281,56.281,55.500,56.656
2026-09-01,06:57:01,56.687,56.593,NA,NA,NA,56.218,56.187,55.531,56.656
2026-09-01,06:58:02,56.750,56.625,NA,NA,NA,56.000,56.062,55.437,56.750
2026-09-01,06:59:01,56.781,56.656,NA,NA,NA,56.031,56.031,55.468,56.656
2026-09-01,07:00:01,56.625,56.593,NA,NA,NA,56.125,56.125,55.531,56.625
2026-09-01,07:01:01,56.750,56.906,NA,NA,NA,56.031,56.031,55.437,56.906
2026-09-01,07:02:01,56.656,56.531,NA,NA,NA,56.031,56.093,55.406,56.531
2026-09-01,07:03:01,56.468,56.750,NA,NA,NA,56.093,56.031,55.531,56.750
2026-09-01,07:04:01,56.406,56.718,NA,NA,NA,56.062,56.031,55.406,56.718
2026-09-01,07:05:01,56.437,56.531,NA,NA,NA,56.093,56.187,55.437,56.531
2026-09-01,07:06:01,56.406,56.781,NA,NA,NA,56.093,56.125,55.375,56.781
2026-09-01,07:07:01,56.500,56.468,NA,NA,NA,56.125,56.031,55.531,56.500
2026-09-01,07:08:01,56.593,56.406,NA,NA,NA,56.187,56.156,55.500,56.750
2026-09-01,07:09:01,56.718,56.406,NA,NA,NA,55.968,56.031,55.406,56.718
2026-09-01,07:10:01,56.718,56.562,NA,NA,NA,56.031,56.062,55.437,56.718
2026-09-01,07:11:02,56.406,56.375,NA,NA,NA,56.000,56.062,55.437,56.406
2026-09-01,07:12:01,56.750,56.531,NA,NA,NA,55.906,56.093,55.406,56.750
2026-09-01,07:13:01,56.625,56.781,NA,NA,NA,56.031,56.000,55.312,56.781
2026-09-01,07:14:01,56.593,56.750,NA,NA,NA,56.000,56.031,55.437,56.750
2026-09-01,07:15:01,56.718,56.812,NA,NA,NA,55.875,56.156,55.312,56.812
2026-09-01,07:16:01,56.625,56.750,NA,NA,NA,55.937,56.031,55.312,56.750
2026-09-01,07:17:01,56.281,56.437,NA,NA,NA,56.031,56.093,55.406,56.437
2026-09-01,07:18:01,56.593,56.406,NA,NA,NA,55.937,56.031,55.312,56.875
2026-09-01,07:19:01,56.812,56.500,NA,NA,NA,55.937,56.125,55.250,56.812
2026-09-01,07:20:01,56.656,56.593,NA,NA,NA,56.000,55.843,55.312,56.593
2026-09-01,07:21:01,56.843,56.375,NA,NA,NA,55.906,55.906,55.312,56.843
2026-09-01,07:22:01,56.750,56.562,NA,NA,NA,56.093,56.031,55.312,56.593
2026-09-01,07:23:02,56.625,56.468,NA,NA,NA,56.031,56.031,55.312,56.625
2026-09-01,07:24:01,56.593,56.781,NA,NA,NA,56.093,56.062,55.406,56.781
2026-09-01,07:25:01,56.625,56.718,NA,NA,NA,55.937,56.156,55.312,56.937
2026-09-01,07:26:01,56.750,56.500,NA,NA,NA,55.968,56.093,55.312,56.750
2026-09-01,07:27:01,56.687,56.656,NA,NA,NA,56.000,56.125,55.312,56.656
2026-09-01,07:28:01,56.906,56.437,NA,NA,NA,55.843,56.031,55.312,56.906
2026-09-01,07:29:01,56.406,56.593,NA,NA,NA,56.031,56.031,55.531,56.593
2026-09-01,07:30:01,56.343,56.562,NA,NA,NA,55.906,56.062,55.375,56.562
2026-09-01,07:31:01,56.375,56.343,NA,NA,NA,55.937,56.031,55.312,56.500
2026-09-01,07:32:01,56.343,56.562,NA,NA,NA,56.093,56.125,55.406,56.562
2026-09-01,07:33:01,56.562,56.531,NA,NA,NA,56.000,56.031,55.343,56.562
2026-09-01,07:34:01,56.781,56.687,NA,NA,NA,55.906,56.031,55.343,56.781
2026-09-01,07:35:02,56.562,56.687,NA,NA,NA,55.968,56.000,55.375,56.687
2026-09-01,07:36:01,56.593,56.656,NA,NA,NA,56.093,56.031,55.406,56.656
2026-09-01,07:37:01,56.781,56.687,NA,NA,NA,56.093,56.125,55.343,56.781
2026-09-01,07:38:01,56.625,56.343,NA,NA,NA,56.062,56.062,55.468,56.843
2026-09-01,07:39:01,56.750,56.406,NA,NA,NA,56.093,56.062,55.500,56.750
2026-09-01,07:40:01,56.781,56.593,NA,NA,NA,56.125,56.125,55.375,56.781
2026-09-01,07:41:01,56.843,56.406,NA,NA,NA,56.000,55.968,55.343,56.843
2026-09-01,07:42:01,56.187,56.437,NA,NA,NA,56.000,56.031,55.406,56.437
2026-09-01,07:43:01,56.562,56.812,NA,NA,NA,56.000,56.000,55.343,56.812
2026-09-01,07:44:01,56.718,56.531,NA,NA,NA,56.031,56.031,55.406,56.718
2026-09-01,07:45:01,56.562,56.531,NA,NA,NA,56.093,56.093,55.500,56.781
2026-09-01,07:46:01,56.312,56.406,NA,NA,NA,56.062,56.093,55.343,56.406
2026-09-01,07:47:01,56.562,56.625,NA,NA,NA,56.031,56.031,55.468,56.625
2026-09-01,07:48:02,56.531,56.375,NA,NA,NA,55.968,55.968,55.437,56.531
2026-09-01,07:49:01,56.781,56.562,NA,NA,NA,56.062,56.156,55.468,56.781
2026-09-01,07:50:01,56.781,56.406,NA,NA,NA,56.125,56.125,55.375,56.781
2026-09-01,07:51:01,56.687,56.562,NA,NA,NA,56.187,56.125,55.343,56.906
2026-09-01,07:52:01,56.843,56.562,NA,NA,NA,56.218,56.187,55.375,56.843
2026-09-01,07:53:01,56.625,56.843,NA,NA,NA,56.062,56.093,55.406,56.843
2026-09-01,07:54:01,56.875,56.781,NA,NA,NA,56.031,56.031,55.375,56.875
2026-09-01,07:55:01,56.562,56.781,NA,NA,NA,56.218,56.218,55.562,56.781
2026-09-01,07:56:01,56.406,56.437,NA,NA,NA,56.062,56.125,55.406,56.656
2026-09-01,07:57:01,56.500,56.531,NA,NA,NA,56.062,56.218,55.500,56.687
2026-09-01,07:58:01,56.531,56.468,NA,NA,NA,56.218,56.250,55.468,56.531
2026-09-01,07:59:01,56.593,56.562,NA,NA,NA,56.093,56.093,55.437,56.562
2026-09-01,08:00:02,56.750,56.562,NA,NA,NA,55.968,56.156,55.468,56.750
2026-09-01,08:01:01,56.781,56.906,NA,NA,NA,56.093,56.031,55.531,56.906
2026-09-01,08:02:01,56.843,56.875,NA,NA,NA,56.218,56.281,55.656,56.875
2026-09-01,08:03:01,56.687,56.875,NA,NA,NA,56.093,56.031,55.531,56.875
2026-09-01,08:04:01,56.906,56.906,NA,NA,NA,56.125,56.062,55.468,56.906
2026-09-01,08:05:01,56.750,56.562,NA,NA,NA,56.125,56.125,55.468,56.750
2026-09-01,08:06:01,56.875,56.593,NA,NA,NA,56.218,56.218,55.593,56.875
2026-09-01,08:07:01,56.750,56.750,NA,NA,NA,56.062,56.125,55.406,56.750
2026-09-01,08:08:01,56.718,56.593,NA,NA,NA,56.281,56.281,55.531,56.718
2026-09-01,08:09:01,56.781,56.625,NA,NA,NA,56.250,56.250,55.468,56.781
2026-09-01,08:10:01,56.718,57.062,NA,NA,NA,56.156,56.156,55.593,57.062
2026-09-01,08:11:01,56.531,56.656,NA,NA,NA,56.250,56.218,55.562,56.750
2026-09-01,08:12:02,56.750,56.687,NA,NA,NA,56.218,56.312,55.562,57.062
2026-09-01,08:13:01,56.687,56.875,NA,NA,NA,56.312,56.312,55.656,56.875
2026-09-01,08:14:01,56.687,56.937,NA,NA,NA,56.218,56.250,55.656,56.937
2026-09-01,08:15:01,56.968,56.875,NA,NA,NA,56.250,56.343,55.562,56.968
2026-09-01,08:16:01,56.812,56.625,NA,NA,NA,56.281,56.281,55.656,56.812
2026-09-01,08:17:01,56.625,56.750,NA,NA,NA,56.281,56.218,55.531,56.750
2026-09-01,08:18:01,56.843,56.781,NA,NA,NA,56.218,56.250,55.562,56.843
2026-09-01,08:19:01,56.656,56.656,NA,NA,NA,56.343,56.375,55.718,56.656
2026-09-01,08:20:01,56.781,56.687,NA,NA,NA,56.218,56.281,55.625,56.781
2026-09-01,08:21:01,56.562,56.875,NA,NA,NA,56.218,56.343,55.625,56.875
2026-09-01,08:22:01,56.531,56.750,NA,NA,NA,56.343,56.406,55.718,56.750
2026-09-01,08:23:01,56.875,56.968,NA,NA,NA,56.250,56.312,55.656,56.968
2026-09-01,08:24:01,56.562,56.687,NA,NA,NA,56.312,56.218,55.718,56.750
2026-09-01,08:25:02,56.875,56.937,NA,NA,NA,56.343,56.281,55.593,56.937
2026-09-01,08:26:01,56.687,56.875,NA,NA,NA,56.281,56.250,55.656,56.875
2026-09-01,08:27:01,56.781,56.906,NA,NA,NA,56.312,56.437,55.812,56.781
2026-09-01,08:28:01,56.718,56.968,NA,NA,NA,56.437,56.468,55.750,56.968
2026-09-01,08:29:01,56.781,56.687,NA,NA,NA,56.218,56.218,55.625,56.906
2026-09-01,08:30:01,56.812,56.843,NA,NA,NA,56.312,56.312,55.687,56.843
2026-09-01,08:31:01,56.750,56.875,NA,NA,NA,56.218,56.250,55.656,56.875
2026-09-01,08:32:01,57.031,56.875,NA,NA,NA,56.281,56.156,55.718,57.031
2026-09-01,08:33:01,57.031,57.156,NA,NA,NA,56.437,56.531,55.843,57.156
2026-09-01,08:34:01,56.781,57.156,NA,NA,NA,56.312,56.375,55.656,57.156
2026-09-01,08:35:01,56.875,56.781,NA,NA,NA,56.312,56.343,55.718,56.875
2026-09-01,08:36:01,56.875,56.781,NA,NA,NA,56.406,56.281,55.781,56.781
2026-09-01,08:37:02,56.593,57.093,NA,NA,NA,56.343,56.312,55.718,57.093
2026-09-01,08:38:01,56.656,57.062,NA,NA,NA,56.343,56.437,55.812,57.062
2026-09-01,08:39:01,56.625,57.000,NA,NA,NA,56.375,56.468,55.750,57.000
2026-09-01,08:40:01,56.812,56.906,NA,NA,NA,56.250,56.468,55.750,56.906
2026-09-01,08:41:01,56.656,56.812,NA,NA,NA,56.343,56.437,55.750,56.812
2026-09-01,08:42:01,56.781,56.718,NA,NA,NA,56.500,56.500,55.781,56.906
2026-09-01,08:43:01,56.968,57.250,NA,NA,NA,56.343,56.375,55.687,57.250
2026-09-01,08:44:01,56.781,56.843,NA,NA,NA,56.343,56.312,55.750,56.843
2026-09-01,08:45:01,57.156,57.125,NA,NA,NA,56.406,56.406,55.875,57.125
2026-09-01,08:46:01,57.125,57.000,NA,NA,NA,56.406,56.437,55.812,57.125
2026-09-01,08:47:01,56.937,56.937,NA,NA,NA,56.437,56.500,55.781,56.937
2026-09-01,08:48:01,56.968,56.843,NA,NA,NA,56.406,56.343,55.812,57.093
2026-09-01,08:49:01,57.031,56.937,NA,NA,NA,56.437,56.468,55.781,57.031
2026-09-01,08:50:01,56.906,56.781,NA,NA,NA,56.500,56.500,55.843,57.062
2026-09-01,08:51:01,56.843,56.843,NA,NA,NA,56.375,56.562,55.875,56.843
2026-09-01,08:52:01,56.812,57.000,NA,NA,NA,56.406,56.468,55.812,57.000
2026-09-01,08:53:01,56.968,56.937,NA,NA,NA,56.562,56.625,55.812,56.968
2026-09-01,08:54:01,57.093,56.968,NA,NA,NA,56.468,56.562,55.843,57.093
2026-09-01,08:55:01,57.343,57.312,NA,NA,NA,56.500,56.468,55.875,57.343
2026-09-01,08:56:01,56.968,57.218,NA,NA,NA,56.468,56.500,55.812,57.218
2026-09-01,08:57:01,56.750,57.031,NA,NA,NA,56.500,56.500,55.937,57.031
2026-09-01,08:58:01,57.000,56.906,NA,NA,NA,56.375,56.531,55.906,56.906
2026-09-01,08:59:01,56.843,57.062,NA,NA,NA,56.531,56.562,55.843,57.062
2026-09-01,09:00:01,56.875,56.906,NA,NA,NA,56.593,56.593,55.906,57.062
2026-09-01,09:01:01,56.812,56.812,NA,NA,NA,56.562,56.656,55.937,56.812
2026-09-01,09:02:02,57.187,56.906,NA,NA,NA,56.500,56.500,55.937,57.187
2026-09-01,09:03:01,56.968,57.062,NA,NA,NA,56.531,56.562,55.937,57.062
2026-09-01,09:04:01,56.718,57.375,NA,NA,NA,56.625,56.625,55.937,57.000
2026-09-01,09:05:01,57.031,57.031,NA,NA,NA,56.687,56.687,55.812,57.093
2026-09-01,09:06:01,57.125,57.250,NA,NA,NA,56.562,56.593,55.875,57.250
2026-09-01,09:07:01,57.093,57.031,NA,NA,NA,56.593,56.500,56.062,57.312
2026-09-01,09:08:01,56.875,57.218,NA,NA,NA,56.500,56.656,55.968,57.218
2026-09-01,09:09:01,57.093,57.000,NA,NA,NA,56.468,56.593,56.031,57.156
2026-09-01,09:10:01,57.031,57.062,NA,NA,NA,56.593,56.718,55.937,57.062
2026-09-01,09:11:01,57.281,57.406,NA,NA,NA,56.562,56.531,55.937,57.406
2026-09-01,09:12:01,57.000,57.093,NA,NA,NA,56.625,56.625,56.062,57.093
2026-09-01,09:13:01,57.218,57.093,NA,NA,NA,56.625,56.625,56.062,57.218
2026-09-01,09:14:02,56.968,57.031,NA,NA,NA,56.718,56.718,56.031,57.031
2026-09-01,09:15:01,56.843,57.031,NA,NA,NA,56.562,56.656,55.937,57.031
2026-09-01,09:16:01,57.156,57.156,NA,NA,NA,56.531,56.812,55.968,57.156
2026-09-01,09:17:01,57.218,57.031,NA,NA,NA,56.562,56.718,55.937,57.250
2026-09-01,09:18:01,57.281,57.125,NA,NA,NA,56.593,56.843,56.031,57.281
2026-09-01,09:19:01,57.187,56.968,NA,NA,NA,56.531,56.718,56.062,57.187
2026-09-01,09:20:01,57.187,57.125,NA,NA,NA,56.562,56.531,56.000,57.187
2026-09-01,09:21:01,57.531,57.125,NA,NA,NA,56.625,56.562,55.937,57.531
2026-09-01,09:22:01,56.937,57.125,NA,NA,NA,56.625,56.625,56.031,57.125
2026-09-01,09:23:01,57.250,57.375,NA,NA,NA,56.531,56.718,55.968,57.375
2026-09-01,09:24:01,57.093,57.031,NA,NA,NA,56.500,56.781,55.968,57.093
2026-09-01,09:25:01,57.187,57.062,NA,NA,NA,56.593,56.843,55.968,57.343
2026-09-01,09:26:01,57.156,57.062,NA,NA,NA,56.625,56.843,56.062,57.250
2026-09-01,09:27:01,56.968,57.218,NA,NA,NA,56.593,56.625,56.093,57.218
2026-09-01,09:28:01,57.406,57.250,NA,NA,NA,56.625,56.656,56.093,57.406
2026-09-01,09:29:01,57.375,57.031,NA,NA,NA,56.531,56.625,55.906,57.375
2026-09-01,09:30:01,57.156,57.250,NA,NA,NA,56.656,56.718,56.093,57.375
2026-09-01,09:31:01,57.250,57.187,NA,NA,NA,56.656,56.718,56.031,57.531
2026-09-01,09:32:01,57.468,57.531,NA,NA,NA,56.562,56.812,55.906,57.531
2026-09-01,09:33:01,57.343,57.468,NA,NA,NA,56.656,56.875,55.968,57.468
2026-09-01,09:34:01,57.250,57.062,NA,NA,NA,56.625,56.937,56.031,57.562
2026-09-01,09:35:01,57.406,57.343,NA,NA,NA,56.593,56.875,56.062,57.406
2026-09-01,09:36:01,57.062,57.125,NA,NA,NA,56.687,56.906,56.031,57.125
2026-09-01,09:37:01,57.343,57.312,NA,NA,NA,56.593,56.843,56.093,57.343
2026-09-01,09:38:01,57.250,57.406,NA,NA,NA,56.625,56.656,56.000,57.406
2026-09-01,09:39:02,57.250,57.343,NA,NA,NA,56.656,56.625,56.125,57.343
2026-09-01,09:40:01,57.218,57.312,NA,NA,NA,56.656,56.750,56.000,57.312
2026-09-01,09:41:01,57.125,57.031,NA,NA,NA,56.656,56.843,56.031,57.125
2026-09-01,09:42:01,57.281,56.968,NA,NA,NA,56.656,56.812,56.062,57.281
2026-09-01,09:43:01,57.093,57.468,NA,NA,NA,56.593,56.656,56.031,57.468
2026-09-01,09:44:01,57.218,57.093,NA,NA,NA,56.593,56.593,56.031,57.218
2026-09-01,09:45:01,57.062,57.031,NA,NA,NA,56.562,56.718,56.062,57.062
2026-09-01,09:46:01,57.093,57.031,NA,NA,NA,56.593,56.781,55.937,57.093
2026-09-01,09:47:01,57.187,57.062,NA,NA,NA,56.562,56.687,56.031,57.062
2026-09-01,09:48:01,57.187,57.218,NA,NA,NA,56.656,56.843,55.937,57.218
2026-09-01,09:49:01,57.156,57.031,NA,NA,NA,56.531,56.750,55.937,57.062
2026-09-01,09:50:01,57.187,57.187,NA,NA,NA,56.687,56.781,55.937,57.187
2026-09-01,09:51:02,57.250,57.218,NA,NA,NA,56.593,56.687,56.031,57.250
2026-09-01,09:52:01,57.218,57.437,NA,NA,NA,56.531,56.593,56.000,57.437
2026-09-01,09:53:01,56.906,57.156,NA,NA,NA,56.593,56.593,56.000,57.406
2026-09-01,09:54:01,57.312,57.468,NA,NA,NA,56.687,56.687,56.093,57.468
2026-09-01,09:55:01,57.250,57.093,NA,NA,NA,56.656,56.625,56.031,57.250
2026-09-01,09:56:01,56.937,57.437,NA,NA,NA,56.593,56.750,56.031,57.437
2026-09-01,09:57:01,57.250,57.031,NA,NA,NA,56.593,56.812,55.875,57.250
2026-09-01,09:58:01,57.031,57.031,NA,NA,NA,56.500,56.531,55.968,57.031
2026-09-01,09:59:01,56.812,57.187,NA,NA,NA,56.625,56.562,55.968,57.187
2026-09-01,10:00:01,57.156,57.000,NA,NA,NA,56.625,56.687,55.875,57.156
2026-09-01,10:01:01,57.000,57.062,NA,NA,NA,56.531,56.500,55.843,57.062
2026-09-01,10:02:01,56.781,57.093,NA,NA,NA,56.468,56.593,55.937,57.093
2026-09-01,10:03:01,57.218,57.375,NA,NA,NA,56.531,56.750,55.875,57.375
2026-09-01,10:04:02,57.343,57.281,NA,NA,NA,56.500,56.531,55.937,57.281
2026-09-01,10:05:01,57.000,57.250,NA,NA,NA,56.500,56.625,55.843,57.250
2026-09-01,10:06:01,56.718,57.187,NA,NA,NA,56.562,56.531,55.875,57.187
2026-09-01,10:07:01,56.968,56.906,NA,NA,NA,56.562,56.562,55.875,56.968
2026-09-01,10:08:01,56.718,57.062,NA,NA,NA,56.468,56.531,55.906,57.062
2026-09-01,10:09:01,56.937,57.093,NA,NA,NA,56.531,56.593,55.843,57.093
2026-09-01,10:10:01,56.937,57.125,NA,NA,NA,56.500,56.593,55.968,57.125
2026-09-01,10:11:01,57.218,57.062,NA,NA,NA,56.656,56.562,55.937,57.218
2026-09-01,10:12:01,57.156,57.093,NA,NA,NA,56.437,56.656,55.781,57.156
2026-09-01,10:13:01,56.843,57.343,NA,NA,NA,56.593,56.531,55.875,57.343
2026-09-01,10:14:01,57.125,56.968,NA,NA,NA,56.562,56.531,55.937,57.125
2026-09-01,10:15:01,57.062,57.031,NA,NA,NA,56.531,56.625,55.906,57.062
2026-09-01,10:16:02,57.187,57.000,NA,NA,NA,56.375,56.656,55.906,57.187
2026-09-01,10:17:01,57.093,56.937,NA,NA,NA,56.437,56.687,55.875,57.093
2026-09-01,10:18:01,57.156,56.937,NA,NA,NA,56.437,56.687,55.875,57.156
2026-09-01,10:19:01,56.968,56.906,NA,NA,NA,56.406,56.718,55.843,56.906
2026-09-01,10:20:01,57.250,57.093,NA,NA,NA,56.406,56.500,55.875,57.250
2026-09-01,10:21:01,57.062,56.937,NA,NA,NA,56.500,56.500,55.906,57.062
2026-09-01,10:22:01,56.781,56.906,NA,NA,NA,56.406,56.468,55.843,56.906
2026-09-01,10:23:01,57.156,57.031,NA,NA,NA,56.562,56.531,55.843,57.031
2026-09-01,10:24:01,56.843,56.937,NA,NA,NA,56.562,56.500,55.906,56.937
2026-09-01,10:25:01,57.062,56.937,NA,NA,NA,56.343,56.593,55.718,57.156
2026-09-01,10:26:01,57.406,56.968,NA,NA,NA,56.406,56.500,55.750,57.406
2026-09-01,10:27:01,56.781,57.125,NA,NA,NA,56.312,56.312,55.718,57.125
2026-09-01,10:28:02,56.718,56.718,NA,NA,NA,56.312,56.218,55.781,56.718
2026-09-01,10:29:01,56.718,56.937,NA,NA,NA,56.343,56.531,55.781,56.937
2026-09-01,10:30:01,56.968,56.906,NA,NA,NA,56.531,56.500,55.781,56.968
2026-09-01,10:31:01,57.281,56.968,NA,NA,NA,56.437,56.531,55.781,57.281
2026-09-01,10:32:01,57.000,57.000,NA,NA,NA,56.406,56.468,55.812,57.000
2026-09-01,10:33:01,56.843,56.968,NA,NA,NA,56.406,56.593,55.812,56.968
2026-09-01,10:34:01,57.093,57.218,NA,NA,NA,56.500,56.593,55.875,57.218
2026-09-01,10:35:01,57.000,57.031,NA,NA,NA,56.468,56.531,55.875,57.125
2026-09-01,10:36:01,57.218,57.281,NA,NA,NA,56.625,56.687,55.937,57.281
2026-09-01,10:37:01,57.093,57.250,NA,NA,NA,56.500,56.531,55.812,57.250
2026-09-01,10:38:01,57.062,56.937,NA,NA,NA,56.531,56.500,55.843,57.062
2026-09-01,10:39:01,57.468,56.968,NA,NA,NA,56.468,56.562,56.031,57.187
2026-09-01,10:40:01,57.062,57.125,NA,NA,NA,56.562,56.625,55.843,57.125
2026-09-01,10:41:02,57.093,57.156,NA,NA,NA,56.468,56.593,55.875,57.218
2026-09-01,10:42:01,56.968,57.031,NA,NA,NA,56.500,56.718,55.812,56.968
2026-09-01,10:43:01,56.968,57.000,NA,NA,NA,56.468,56.656,55.812,57.093
2026-09-01,10:44:01,57.031,57.468,NA,NA,NA,56.468,56.718,55.843,57.468
2026-09-01,10:45:01,56.812,57.093,NA,NA,NA,56.531,56.750,55.937,57.093
2026-09-01,10:46:01,57.187,57.406,NA,NA,NA,56.500,56.687,55.906,57.187
2026-09-01,10:47:01,57.406,57.031,NA,NA,NA,56.625,56.656,55.968,57.406
2026-09-01,10:48:01,57.062,57.281,NA,NA,NA,56.468,56.843,55.812,57.281
2026-09-01,10:49:01,57.343,56.968,NA,NA,NA,56.500,56.812,55.937,57.343
2026-09-01,10:50:01,57.187,57.250,NA,NA,NA,56.437,56.562,55.875,57.250
2026-09-01,10:51:01,57.031,57.187,NA,NA,NA,56.531,56.531,55.906,57.187
2026-09-01,10:52:01,56.968,57.000,NA,NA,NA,56.656,56.562,56.125,57.000
2026-09-01,10:53:02,57.375,57.156,NA,NA,NA,56.593,56.562,55.968,57.375
2026-09-01,10:54:01,57.156,57.500,NA,NA,NA,56.625,56.625,56.062,57.500
2026-09-01,10:55:01,57.187,57.093,NA,NA,NA,56.656,56.687,56.031,57.312
2026-09-01,10:56:01,57.593,57.406,NA,NA,NA,56.562,56.781,55.875,57.593
2026-09-01,10:57:01,57.093,57.281,NA,NA,NA,56.687,56.843,56.093,57.281
2026-09-01,10:58:01,57.187,57.250,NA,NA,NA,56.687,56.593,55.937,57.250
2026-09-01,10:59:01,57.593,57.187,NA,NA,NA,56.625,56.656,56.031,57.593
2026-09-01,11:00:01,57.250,57.125,NA,NA,NA,56.562,56.687,56.000,57.250
2026-09-01,11:01:01,57.187,57.156,NA,NA,NA,56.593,56.625,55.968,57.187
2026-09-01,11:02:01,56.906,57.093,NA,NA,NA,56.718,56.718,56.062,57.093
2026-09-01,11:03:01,57.000,57.468,NA,NA,NA,56.687,56.718,56.000,57.125
2026-09-01,11:04:01,56.906,57.437,NA,NA,NA,56.781,56.843,56.000,57.437
2026-09-01,11:05:02,57.062,57.375,NA,NA,NA,56.562,56.656,55.906,57.375
2026-09-01,11:06:01,57.500,56.968,NA,NA,NA,56.593,56.625,55.937,57.218
2026-09-01,11:07:01,57.093,57.250,NA,NA,NA,56.531,56.656,56.000,57.250
2026-09-01,11:08:01,57.156,57.031,NA,NA,NA,56.625,56.593,55.937,57.125
2026-09-01,11:09:01,57.250,57.093,NA,NA,NA,56.562,56.593,56.093,57.250
2026-09-01,11:10:01,56.937,57.031,NA,NA,NA,56.562,56.656,55.875,57.031
2026-09-01,11:11:01,57.218,57.031,NA,NA,NA,56.593,56.625,55.937,57.250
2026-09-01,11:12:01,57.281,56.968,NA,NA,NA,56.531,56.593,55.968,57.031
2026-09-01,11:13:01,57.156,57.031,NA,NA,NA,56.625,56.687,55.968,57.156
2026-09-01,11:14:01,57.156,57.093,NA,NA,NA,56.531,56.625,55.875,57.156
2026-09-01,11:15:01,57.437,57.093,NA,NA,NA,56.562,56.687,55.906,57.437
2026-09-01,11:16:01,57.250,57.125,NA,NA,NA,56.625,56.656,55.937,57.250
2026-09-01,11:17:01,57.250,57.343,NA,NA,NA,56.750,56.656,56.000,57.343
2026-09-01,11:18:02,57.093,57.093,NA,NA,NA,56.625,56.750,56.093,57.093
2026-09-01,11:19:01,57.562,57.281,NA,NA,NA,56.468,56.843,56.062,57.562
2026-09-01,11:20:01,57.218,57.187,NA,NA,NA,56.531,56.593,56.093,57.187
2026-09-01,11:21:01,57.250,57.062,NA,NA,NA,56.593,56.625,55.968,57.250
2026-09-01,11:22:01,57.375,57.031,NA,NA,NA,56.750,56.781,55.968,57.375
2026-09-01,11:23:01,57.218,57.000,NA,NA,NA,56.750,56.812,56.093,57.218
2026-09-01,11:24:01,57.250,57.031,NA,NA,NA,56.593,56.781,55.968,57.250
2026-09-01,11:25:01,57.250,57.156,NA,NA,NA,56.593,56.781,56.000,57.562
2026-09-01,11:26:01,57.406,57.156,NA,NA,NA,56.687,56.687,55.968,57.406
2026-09-01,11:27:01,56.812,57.093,NA,NA,NA,56.656,56.656,56.031,57.093
2026-09-01,11:28:01,57.281,57.031,NA,NA,NA,56.718,56.687,56.031,57.281
2026-09-01,11:29:01,57.250,57.343,NA,NA,NA,56.750,56.718,56.187,57.375
2026-09-01,11:30:02,57.250,57.375,NA,NA,NA,56.687,56.687,56.156,57.375
2026-09-01,11:31:01,57.000,57.093,NA,NA,NA,56.687,56.656,56.125,57.312
2026-09-01,11:32:01,57.093,57.093,NA,NA,NA,56.750,56.781,56.062,57.281
2026-09-01,11:33:01,57.156,57.218,NA,NA,NA,56.656,56.687,56.093,57.218
2026-09-01,11:34:01,57.000,57.250,NA,NA,NA,56.687,56.656,56.031,57.250
2026-09-01,11:35:01,57.000,57.093,NA,NA,NA,56.781,56.781,56.093,57.093
2026-09-01,11:36:01,57.218,57.031,NA,NA,NA,56.750,56.812,56.125,57.468
2026-09-01,11:37:01,57.406,57.187,NA,NA,NA,56.781,56.906,55.968,57.406
2026-09-01,11:38:01,57.312,57.531,NA,NA,NA,56.843,56.875,56.031,57.531
2026-09-01,11:39:01,57.562,57.468,NA,NA,NA,56.593,56.718,56.031,57.562
2026-09-01,11:40:01,56.906,57.468,NA,NA,NA,56.718,56.687,56.062,57.468
2026-09-01,11:41:01,57.250,57.093,NA,NA,NA,56.687,56.687,56.093,57.343
2026-09-01,11:42:01,57.312,57.156,NA,NA,NA,56.718,56.718,56.093,57.312
2026-09-01,11:43:02,57.500,57.125,NA,NA,NA,56.781,56.843,56.062,57.500
2026-09-01,11:44:01,57.531,57.312,NA,NA,NA,56.718,56.718,56.093,57.343
2026-09-01,11:45:01,57.281,57.343,NA,NA,NA,56.718,56.687,56.093,57.343
2026-09-01,11:46:01,57.531,57.093,NA,NA,NA,56.781,56.937,56.218,57.531
2026-09-01,11:47:01,57.281,57.093,NA,NA,NA,56.781,56.843,56.218,57.375
2026-09-01,11:48:01,57.562,57.312,NA,NA,NA,56.781,56.875,56.218,57.562
2026-09-01,11:49:01,57.156,57.281,NA,NA,NA,56.906,56.875,56.093,57.281
2026-09-01,11:50:01,57.187,57.281,NA,NA,NA,56.687,56.687,56.125,57.281
2026-09-01,11:51:01,57.281,57.531,NA,NA,NA,56.750,56.718,56.156,57.531
2026-09-01,11:52:01,57.468,57.531,NA,NA,NA,56.750,56.750,56.156,57.531
2026-09-01,11:53:01,57.187,57.531,NA,NA,NA,56.843,56.843,56.218,57.531
2026-09-01,11:54:01,57.281,57.250,NA,NA,NA,56.781,56.875,56.250,57.281
2026-09-01,11:55:02,57.187,57.218,NA,NA,NA,56.812,56.875,56.156,57.500
2026-09-01,11:56:01,57.343,57.468,NA,NA,NA,56.906,56.875,56.343,57.468
2026-09-01,11:57:01,57.375,57.218,NA,NA,NA,56.843,56.812,56.218,57.218
2026-09-01,11:58:01,57.343,57.187,NA,NA,NA,56.812,56.843,56.281,57.343
2026-09-01,11:59:01,57.250,57.437,NA,NA,NA,56.843,56.937,56.250,57.437
2026-09-01,12:00:01,57.281,57.593,NA,NA,NA,56.875,56.937,56.312,57.593
2026-09-01,12:01:01,57.187,57.562,NA,NA,NA,56.937,56.937,56.281,57.562
2026-09-01,12:02:01,57.375,57.750,NA,NA,NA,56.875,56.906,56.218,57.750
2026-09-01,12:03:01,57.218,57.343,NA,NA,NA,56.843,56.906,56.218,57.343
2026-09-01,12:04:01,57.437,57.312,NA,NA,NA,56.937,56.937,56.281,57.531
2026-09-01,12:05:01,57.156,57.500,NA,NA,NA,56.906,56.937,56.312,57.500
2026-09-01,12:06:01,57.562,57.343,NA,NA,NA,56.875,56.937,56.375,57.375
2026-09-01,12:07:01,57.312,57.531,NA,NA,NA,56.843,56.875,56.343,57.531
2026-09-01,12:08:02,57.625,57.375,NA,NA,NA,56.906,56.906,56.250,57.625
2026-09-01,12:09:01,57.375,57.531,NA,NA,NA,56.843,57.031,56.281,57.531
2026-09-01,12:10:01,57.468,57.312,NA,NA,NA,56.875,57.156,56.375,57.468
2026-09-01,12:11:01,57.375,57.406,NA,NA,NA,56.968,57.000,56.312,57.406
2026-09-01,12:12:01,57.656,57.843,NA,NA,NA,56.968,56.937,56.343,57.843
2026-09-01,12:13:01,57.812,57.812,NA,NA,NA,56.843,56.968,56.312,57.812
2026-09-01,12:14:01,57.437,57.593,NA,NA,NA,56.968,56.937,56.312,57.593
2026-09-01,12:15:01,57.625,57.468,NA,NA,NA,56.906,57.031,56.281,57.625
2026-09-01,12:16:01,57.437,57.687,NA,NA,NA,57.062,57.031,56.468,57.687
2026-09-01,12:17:01,57.593,57.625,NA,NA,NA,56.937,57.031,56.343,57.625
2026-09-01,12:18:01,57.531,57.656,NA,NA,NA,57.031,56.906,56.468,57.656
2026-09-01,12:19:01,57.468,57.531,NA,NA,NA,57.062,57.093,56.375,57.531
2026-09-01,12:20:02,57.312,57.562,NA,NA,NA,57.031,57.125,56.343,57.593
2026-09-01,12:21:01,57.531,57.875,NA,NA,NA,56.968,57.000,56.437,57.875
2026-09-01,12:22:01,57.468,57.406,NA,NA,NA,57.062,57.156,56.375,57.468
2026-09-01,12:23:01,57.531,57.531,NA,NA,NA,57.062,57.125,56.531,57.531
2026-09-01,12:24:01,57.312,57.593,NA,NA,NA,57.093,57.000,56.468,57.593
2026-09-01,12:25:01,57.812,57.562,NA,NA,NA,57.125,57.000,56.531,57.625
2026-09-01,12:26:01,57.281,57.843,NA,NA,NA,57.250,57.218,56.531,57.843
2026-09-01,12:27:01,57.500,57.781,NA,NA,NA,57.156,57.156,56.625,57.781
2026-09-01,12:28:01,57.500,57.625,NA,NA,NA,57.218,57.250,56.656,57.687
2026-09-01,12:29:01,57.656,57.562,NA,NA,NA,57.125,57.281,56.562,57.656
2026-09-01,12:30:01,57.562,57.750,NA,NA,NA,57.312,57.218,56.593,57.750
2026-09-01,12:31:01,57.562,57.593,NA,NA,NA,57.281,57.281,56.531,57.843
2026-09-01,12:32:01,57.656,57.812,NA,NA,NA,57.343,57.375,56.687,57.812
2026-09-01,12:33:02,57.781,57.656,NA,NA,NA,57.343,57.343,56.656,57.781
2026-09-01,12:34:01,57.750,58.031,NA,NA,NA,57.187,57.156,56.656,58.031
2026-09-01,12:35:01,58.000,57.781,NA,NA,NA,57.218,57.218,56.656,58.000
2026-09-01,12:36:01,58.093,57.750,NA,NA,NA,57.312,57.250,56.625,57.812
2026-09-01,12:37:01,57.781,58.031,NA,NA,NA,57.281,57.343,56.687,57.781
2026-09-01,12:38:01,57.781,58.031,NA,NA,NA,57.281,57.406,56.687,58.031
2026-09-01,12:39:01,57.812,58.000,NA,NA,NA,57.281,57.468,56.687,58.000
2026-09-01,12:40:01,57.937,57.718,NA,NA,NA,57.406,57.406,56.687,58.000
2026-09-01,12:41:01,57.906,57.781,NA,NA,NA,57.312,57.468,56.562,58.250
2026-09-01,12:42:01,58.187,58.000,NA,NA,NA,57.281,57.312,56.687,58.187
2026-09-01,12:43:01,58.093,57.750,NA,NA,NA,57.281,57.218,56.687,58.093
2026-09-01,12:44:01,57.968,57.843,NA,NA,NA,57.437,57.437,56.781,57.843
2026-09-01,12:45:02,57.906,58.218,NA,NA,NA,57.375,57.375,56.781,58.218
2026-09-01,12:46:01,58.093,57.843,NA,NA,NA,57.281,57.468,56.781,58.093
2026-09-01,12:47:01,57.687,57.812,NA,NA,NA,57.343,57.437,56.718,58.000
2026-09-01,12:48:01,57.625,58.000,NA,NA,NA,57.500,57.531,56.781,58.000
2026-09-01,12:49:01,58.156,57.937,NA,NA,NA,57.437,57.500,56.812,58.156
2026-09-01,12:50:01,58.093,58.000,NA,NA,NA,57.500,57.468,56.781,58.093
2026-09-01,12:51:01,58.000,57.906,NA,NA,NA,57.562,57.375,56.781,58.218
2026-09-01,12:52:01,58.218,57.875,NA,NA,NA,57.375,57.531,56.781,58.218
2026-09-01,12:53:01,58.093,57.750,NA,NA,NA,57.437,57.468,56.875,58.093
2026-09-01,12:54:01,58.000,58.218,NA,NA,NA,57.531,57.468,56.750,58.218
2026-09-01,12:55:01,58.125,57.843,NA,NA,NA,57.281,57.500,56.812,58.125
2026-09-01,12:56:01,58.156,57.875,NA,NA,NA,57.343,57.375,56.781,57.937
2026-09-01,12:57:02,57.718,58.062,NA,NA,NA,57.468,57.468,56.781,58.062
2026-09-01,12:58:01,58.218,57.750,NA,NA,NA,57.343,57.406,56.781,58.218
2026-09-01,12:59:01,58.000,57.718,NA,NA,NA,57.343,57.312,56.750,58.000
2026-09-01,13:00:01,57.937,57.906,NA,NA,NA,57.343,57.437,56.750,57.937
2026-09-01,13:01:01,57.937,57.906,NA,NA,NA,57.375,57.343,56.781,57.937
2026-09-01,13:02:01,58.000,57.718,NA,NA,NA,57.375,57.281,56.750,58.000
2026-09-01,13:03:01,57.593,57.906,NA,NA,NA,57.375,57.375,56.718,57.906
2026-09-01,13:04:01,57.625,57.843,NA,NA,NA,57.343,57.406,56.781,57.843
2026-09-01,13:05:01,57.687,58.156,NA,NA,NA,57.312,57.343,56.750,58.156
2026-09-01,13:06:01,57.750,57.812,NA,NA,NA,57.406,57.437,56.781,57.843
2026-09-01,13:07:01,57.812,58.062,NA,NA,NA,57.500,57.375,56.875,58.062
2026-09-01,13:08:01,57.781,57.843,NA,NA,NA,57.375,57.468,56.781,57.875
2026-09-01,13:09:01,57.812,58.093,NA,NA,NA,57.375,57.375,56.812,58.093
2026-09-01,13:10:02,57.750,57.968,NA,NA,NA,57.406,57.375,56.812,57.968
2026-09-01,13:11:01,57.875,57.812,NA,NA,NA,57.468,57.437,56.875,57.875
2026-09-01,13:12:01,57.812,57.906,NA,NA,NA,57.375,57.500,56.750,57.906
2026-09-01,13:13:01,57.781,57.906,NA,NA,NA,57.406,57.375,56.750,57.906
2026-09-01,13:14:01,57.812,57.625,NA,NA,NA,57.281,57.281,56.656,57.625
2026-09-01,13:15:01,57.843,58.125,NA,NA,NA,57.250,57.406,56.718,58.125
2026-09-01,13:16:01,57.875,57.750,NA,NA,NA,57.375,57.375,56.687,57.875
2026-09-01,13:17:01,57.625,58.000,NA,NA,NA,57.281,57.343,56.718,58.000
2026-09-01,13:18:01,57.781,58.000,NA,NA,NA,57.281,57.437,56.656,58.000
2026-09-01,13:19:01,57.656,57.968,NA,NA,NA,57.281,57.250,56.687,57.968
2026-09-01,13:20:01,58.250,57.937,NA,NA,NA,57.281,57.343,56.718,57.968
2026-09-01,13:21:01,57.781,57.718,NA,NA,NA,57.281,57.375,56.656,57.781
2026-09-01,13:22:02,57.781,57.687,NA,NA,NA,57.250,57.218,56.656,57.781
2026-09-01,13:23:01,57.875,57.718,NA,NA,NA,57.312,57.281,56.593,57.875
2026-09-01,13:24:01,57.531,58.125,NA,NA,NA,57.218,57.250,56.687,58.125
2026-09-01,13:25:01,57.937,57.750,NA,NA,NA,57.218,57.187,56.656,57.937
2026-09-01,13:26:01,57.750,58.000,NA,NA,NA,57.281,57.281,56.593,58.000
2026-09-01,13:27:01,57.812,58.062,NA,NA,NA,57.250,57.250,56.718,58.062
2026-09-01,13:28:01,57.875,58.000,NA,NA,NA,57.250,57.250,56.656,58.000
2026-09-01,13:29:01,57.718,57.687,NA,NA,NA,57.218,57.281,56.718,57.937
2026-09-01,13:30:01,57.656,57.625,NA,NA,NA,57.312,57.375,56.656,57.656
2026-09-01,13:31:01,57.781,57.875,NA,NA,NA,57.093,57.187,56.625,57.875
2026-09-01,13:32:01,57.593,57.812,NA,NA,NA,57.281,57.281,56.687,57.812
2026-09-01,13:33:01,57.843,57.843,NA,NA,NA,57.312,57.343,56.625,57.843
2026-09-01,13:34:02,57.843,57.781,NA,NA,NA,57.281,57.187,56.562,57.843
2026-09-01,13:35:01,57.562,57.687,NA,NA,NA,57.281,57.281,56.718,57.687
2026-09-01,13:36:01,57.750,58.000,NA,NA,NA,57.312,57.187,56.687,58.000
2026-09-01,13:37:01,57.625,57.937,NA,NA,NA,57.250,57.375,56.718,57.968
2026-09-01,13:38:01,57.562,57.750,NA,NA,NA,57.281,57.312,56.656,57.750
2026-09-01,13:39:01,58.000,57.625,NA,NA,NA,57.375,57.281,56.656,58.000
2026-09-01,13:40:01,58.031,57.625,NA,NA,NA,57.468,57.437,56.718,58.031
2026-09-01,13:41:01,57.500,57.812,NA,NA,NA,57.281,57.281,56.656,57.812
2026-09-01,13:42:01,57.906,57.687,NA,NA,NA,57.250,57.375,56.781,57.906
2026-09-01,13:43:01,57.687,57.843,NA,NA,NA,57.406,57.406,56.593,57.843
2026-09-01,13:44:01,57.718,58.000,NA,NA,NA,57.187,57.187,56.625,57.656
2026-09-01,13:45:01,57.750,57.781,NA,NA,NA,57.250,57.250,56.562,57.781
2026-09-01,13:46:01,57.468,57.937,NA,NA,NA,57.312,57.312,56.625,57.937
2026-09-01,13:47:01,57.843,57.937,NA,NA,NA,57.218,57.156,56.531,57.937
2026-09-01,13:48:01,57.718,57.781,NA,NA,NA,57.281,57.187,56.718,57.781
2026-09-01,13:49:01,57.656,57.718,NA,NA,NA,57.343,57.312,56.687,57.718
2026-09-01,13:50:01,57.718,57.656,NA,NA,NA,57.312,57.250,56.781,57.718
2026-09-01,13:51:01,57.781,57.843,NA,NA,NA,57.375,57.250,56.593,57.843
2026-09-01,13:52:01,57.656,57.781,NA,NA,NA,57.406,57.406,56.718,57.781
2026-09-01,13:53:01,57.750,58.093,NA,NA,NA,57.281,57.406,56.750,58.093
2026-09-01,13:54:01,57.687,58.000,NA,NA,NA,57.218,57.125,56.625,58.000
2026-09-01,13:55:01,57.906,57.687,NA,NA,NA,57.281,57.250,56.625,57.906
2026-09-01,13:56:01,57.718,57.656,NA,NA,NA,57.156,57.281,56.593,57.718
2026-09-01,13:57:01,57.531,57.937,NA,NA,NA,57.281,57.312,56.593,57.937
2026-09-01,13:58:01,57.750,57.687,NA,NA,NA,57.250,57.281,56.718,57.687
2026-09-01,13:59:02,57.718,57.906,NA,NA,NA,57.281,57.250,56.812,57.718
2026-09-01,14:00:01,57.718,57.843,NA,NA,NA,57.437,57.437,56.781,57.906
2026-09-01,14:01:01,57.750,57.875,NA,NA,NA,57.281,57.343,56.687,57.875
2026-09-01,14:02:01,57.750,57.781,NA,NA,NA,57.250,57.312,56.656,57.781
2026-09-01,14:03:01,57.687,58.093,NA,NA,NA,57.281,57.468,56.656,58.093
2026-09-01,14:13:11,55.500,55.562,NA,NA,NA,55.062,55.062,54.312,55.562
2026-09-01,14:14:01,55.437,55.593,NA,NA,NA,54.906,55.000,54.187,55.687
2026-09-01,14:15:01,55.593,55.562,NA,NA,NA,54.843,54.968,54.218,55.593
2026-09-01,14:16:01,55.562,55.531,NA,NA,NA,54.843,54.906,54.187,55.562
2026-09-01,14:17:01,55.437,55.625,NA,NA,NA,55.062,55.062,54.343,55.625
2026-09-01,14:18:01,55.625,55.625,NA,NA,NA,54.906,55.218,54.343,55.625
2026-09-01,14:19:01,55.906,55.500,NA,NA,NA,55.062,55.093,54.437,55.906
2026-09-01,14:20:01,55.437,55.500,NA,NA,NA,55.125,55.281,54.468,55.500
2026-09-01,14:21:01,55.875,55.718,NA,NA,NA,55.343,55.250,54.625,55.875
2026-09-01,14:22:02,56.781,56.531,NA,NA,NA,55.687,55.843,55.312,56.781
2026-09-01,14:23:01,56.656,56.656,NA,NA,NA,56.125,56.250,55.500,56.656
2026-09-01,14:24:01,56.500,56.593,NA,NA,NA,56.000,56.062,55.468,56.593
2026-09-01,14:25:01,56.875,56.812,NA,NA,NA,56.187,56.375,55.750,56.875
2026-09-01,14:26:01,59.593,59.250,NA,NA,NA,58.625,58.718,58.312,59.593
2026-09-01,14:27:01,60.093,59.906,NA,NA,NA,59.562,59.625,58.906,60.093
2026-09-01,14:28:01,60.656,60.062,NA,NA,NA,59.437,59.531,59.062,60.656
2026-09-01,14:29:01,61.937,61.531,NA,NA,NA,60.750,60.750,60.375,61.937
2026-09-01,14:30:01,61.593,61.593,NA,NA,NA,61.093,61.156,60.531,61.593
2026-09-01,14:31:01,60.812,61.062,NA,NA,NA,60.312,60.375,59.750,61.062
2026-09-01,14:32:01,61.031,60.468,NA,NA,NA,60.125,60.281,59.437,61.031
2026-09-01,14:33:01,60.562,60.625,NA,NA,NA,60.093,60.125,59.500,60.625
2026-09-01,14:34:02,61.093,60.625,NA,NA,NA,60.031,60.125,59.531,61.093
2026-09-01,14:35:01,60.781,60.750,NA,NA,NA,60.281,60.156,59.562,60.781
2026-09-01,14:36:01,60.906,60.843,NA,NA,NA,60.343,60.375,59.687,60.843
2026-09-01,14:37:01,61.187,61.218,NA,NA,NA,60.625,60.593,59.968,61.187
2026-09-01,14:38:01,63.468,63.000,NA,NA,NA,62.156,62.218,61.750,63.187
2026-09-01,14:39:01,63.843,63.625,NA,NA,NA,63.000,63.031,62.593,63.843
2026-09-01,14:40:01,64.750,64.281,NA,NA,NA,63.593,63.437,63.187,64.750
2026-09-01,14:41:01,65.437,64.625,NA,NA,NA,64.093,64.062,63.843,65.437
2026-09-01,14:42:01,62.968,63.031,NA,NA,NA,62.687,62.500,62.031,63.031
2026-09-01,14:43:01,61.843,61.875,NA,NA,NA,61.375,61.187,60.718,62.250
2026-09-01,14:44:01,62.312,62.187,NA,NA,NA,61.312,61.281,60.875,62.187
2026-09-01,14:45:01,63.906,63.406,NA,NA,NA,63.000,62.875,62.593,63.906
2026-09-01,14:46:02,64.656,64.531,NA,NA,NA,63.781,63.718,63.375,64.656
2026-09-01,14:47:01,65.218,64.781,NA,NA,NA,64.218,64.218,63.812,65.500
2026-09-01,14:48:01,65.906,65.218,NA,NA,NA,64.593,64.531,64.156,65.906
2026-09-01,14:49:01,66.125,65.625,NA,NA,NA,64.812,64.812,64.531,66.125
2026-09-01,14:50:01,66.250,65.937,NA,NA,NA,65.250,65.187,64.875,66.250
2026-09-01,14:51:01,66.562,66.093,NA,NA,NA,65.437,65.218,64.937,66.562
2026-09-01,14:52:01,66.500,66.312,NA,NA,NA,65.750,65.625,65.125,66.656
2026-09-01,14:53:01,66.875,66.250,NA,NA,NA,65.781,65.625,65.281,66.875
2026-09-01,14:54:01,67.000,66.281,NA,NA,NA,65.812,65.718,65.343,67.000
2026-09-01,14:55:01,66.843,66.406,NA,NA,NA,65.843,65.750,65.500,66.843
2026-09-01,14:56:01,67.062,66.718,NA,NA,NA,66.000,65.875,65.593,67.062
2026-09-01,14:57:01,66.531,66.093,NA,NA,NA,65.656,65.437,64.937,66.281
2026-09-01,14:58:01,64.312,64.218,NA,NA,NA,63.937,63.656,63.187,64.312
2026-09-01,14:59:02,63.125,63.125,NA,NA,NA,62.812,62.625,62.156,63.125
2026-09-01,15:00:01,62.625,63.000,NA,NA,NA,62.218,62.062,61.500,63.000
2026-09-01,15:01:01,62.281,62.218,NA,NA,NA,61.812,61.531,61.125,62.281
2026-09-01,15:02:01,61.812,62.218,NA,NA,NA,61.531,61.343,60.906,61.875
2026-09-01,15:03:01,61.750,61.906,NA,NA,NA,61.281,61.125,60.687,61.906
2026-09-01,15:04:01,61.343,61.531,NA,NA,NA,61.125,60.968,60.437,61.531
2026-09-01,15:05:01,61.468,61.406,NA,NA,NA,61.031,60.875,60.406,61.468
2026-09-01,15:06:01,61.125,61.437,NA,NA,NA,60.937,60.781,60.218,61.437
2026-09-01,15:07:01,61.062,61.187,NA,NA,NA,60.656,60.562,60.093,61.187
2026-09-01,15:08:01,61.031,61.187,NA,NA,NA,60.718,60.531,59.968,61.437
2026-09-01,15:09:01,61.125,60.968,NA,NA,NA,60.593,60.468,59.812,61.125
2026-09-01,15:10:01,60.750,60.781,NA,NA,NA,60.312,60.343,59.687,60.937
2026-09-01,15:11:02,60.812,60.875,NA,NA,NA,60.437,60.281,59.687,60.875
2026-09-01,15:12:01,60.437,60.937,NA,NA,NA,60.281,60.250,59.593,60.937
2026-09-01,15:13:01,60.687,60.593,NA,NA,NA,60.218,60.281,59.562,60.687
2026-09-01,15:14:01,60.843,60.562,NA,NA,NA,60.187,60.156,59.531,60.843
2026-09-01,15:15:01,60.718,60.750,NA,NA,NA,60.031,59.906,59.375,60.750
2026-09-01,15:16:01,60.562,60.750,NA,NA,NA,60.187,59.968,59.437,60.750
2026-09-01,15:17:01,60.468,60.562,NA,NA,NA,59.968,60.062,59.375,60.562
2026-09-01,15:18:01,60.281,60.531,NA,NA,NA,60.093,59.906,59.375,60.531
2026-09-01,15:19:01,60.625,60.343,NA,NA,NA,60.000,59.875,59.343,60.625
2026-09-01,15:20:01,60.281,60.281,NA,NA,NA,60.093,59.906,59.281,60.593
2026-09-01,15:21:01,60.468,60.156,NA,NA,NA,59.875,59.750,59.187,60.468
2026-09-01,15:22:01,59.968,60.187,NA,NA,NA,59.781,59.593,59.125,60.187
2026-09-01,15:23:01,59.875,60.250,NA,NA,NA,59.656,59.562,59.062,60.250
2026-09-01,15:24:02,60.312,59.937,NA,NA,NA,59.718,59.562,59.031,60.250
2026-09-01,15:25:01,59.968,60.093,NA,NA,NA,59.687,59.531,59.000,60.093
2026-09-01,15:26:01,59.906,60.312,NA,NA,NA,59.625,59.500,58.968,60.312
2026-09-01,15:27:01,59.687,59.937,NA,NA,NA,59.531,59.437,58.781,59.937
2026-09-01,15:28:01,59.750,60.125,NA,NA,NA,59.437,59.406,58.812,60.125
2026-09-01,15:29:01,59.625,60.093,NA,NA,NA,59.406,59.312,58.718,60.093
2026-09-01,15:30:01,59.718,59.687,NA,NA,NA,59.437,59.406,58.656,59.718
2026-09-01,15:31:01,59.593,59.750,NA,NA,NA,59.312,59.250,58.718,59.750
2026-09-01,15:32:01,59.781,59.718,NA,NA,NA,59.218,59.156,58.718,59.937
2026-09-01,15:33:01,59.437,59.906,NA,NA,NA,59.156,59.093,58.562,59.687
2026-09-01,15:34:01,59.312,59.781,NA,NA,NA,59.125,59.000,58.531,59.781
2026-09-01,15:35:01,59.687,59.468,NA,NA,NA,59.062,59.093,58.531,59.687
2026-09-01,15:36:01,59.250,59.468,NA,NA,NA,59.156,59.031,58.468,59.500
2026-09-01,15:37:02,59.687,59.687,NA,NA,NA,59.218,59.156,58.468,59.687
2026-09-01,15:38:01,59.593,59.468,NA,NA,NA,59.031,59.281,58.406,59.625
2026-09-01,15:39:01,59.968,59.718,NA,NA,NA,59.125,59.250,58.437,59.968
2026-09-01,15:40:01,59.875,59.531,NA,NA,NA,59.187,58.968,58.593,59.875
2026-09-01,15:41:01,59.593,59.593,NA,NA,NA,59.156,59.000,58.500,59.593
2026-09-01,15:42:01,59.687,59.937,NA,NA,NA,59.093,58.937,58.437,59.937
2026-09-01,15:43:01,59.468,59.906,NA,NA,NA,59.156,59.093,58.531,59.906
2026-09-01,15:44:01,59.406,59.843,NA,NA,NA,59.218,59.062,58.406,59.843
2026-09-01,15:45:01,59.562,59.406,NA,NA,NA,58.937,59.093,58.312,59.562
2026-09-01,15:46:01,59.656,59.406,NA,NA,NA,58.968,58.875,58.375,59.531
2026-09-01,15:47:01,59.312,59.343,NA,NA,NA,59.000,58.968,58.406,59.343
2026-09-01,15:48:01,59.125,59.593,NA,NA,NA,59.000,58.937,58.375,59.593
2026-09-01,15:49:02,59.062,59.500,NA,NA,NA,58.937,58.937,58.281,59.500
2026-09-01,15:50:01,59.343,59.500,NA,NA,NA,58.968,58.937,58.218,59.500
2026-09-01,15:51:01,59.406,59.250,NA,NA,NA,58.937,58.843,58.218,59.406
2026-09-01,15:52:01,59.187,59.187,NA,NA,NA,58.875,58.843,58.218,59.375
2026-09-01,15:53:01,59.437,59.281,NA,NA,NA,58.843,58.781,58.281,59.437
2026-09-01,15:54:01,59.343,59.250,NA,NA,NA,58.812,58.812,58.187,59.343
2026-09-01,15:55:01,59.312,59.468,NA,NA,NA,58.875,58.781,58.187,59.312
2026-09-01,15:56:01,59.125,59.500,NA,NA,NA,58.843,58.843,58.156,59.500
2026-09-01,15:57:01,59.000,59.218,NA,NA,NA,58.656,58.593,58.062,59.218
2026-09-01,15:58:01,59.343,59.156,NA,NA,NA,58.718,58.656,58.031,59.343
2026-09-01,15:59:01,59.000,59.062,NA,NA,NA,58.718,58.687,58.031,59.062
2026-09-01,16:00:01,58.875,59.312,NA,NA,NA,58.593,58.562,58.031,59.312
2026-09-01,16:01:01,59.156,58.968,NA,NA,NA,58.625,58.531,58.000,59.156
2026-09-01,16:02:02,59.000,59.312,NA,NA,NA,58.656,58.687,58.000,59.312
2026-09-01,16:03:01,59.093,59.218,NA,NA,NA,58.687,58.687,58.000,59.218
2026-09-01,16:04:01,58.781,58.968,NA,NA,NA,58.687,58.625,58.062,59.218
2026-09-01,16:05:01,58.937,59.000,NA,NA,NA,58.656,58.593,58.062,59.000
2026-09-01,16:06:01,59.156,59.031,NA,NA,NA,58.687,58.687,58.125,59.156
2026-09-01,16:07:01,58.906,59.468,NA,NA,NA,58.656,58.625,58.000,59.468
2026-09-01,16:08:01,59.000,59.093,NA,NA,NA,58.656,58.625,58.031,59.093
2026-09-01,16:09:01,59.031,59.125,NA,NA,NA,58.812,58.812,57.968,59.125
2026-09-01,16:10:01,58.968,59.343,NA,NA,NA,58.625,58.687,58.000,59.343
2026-09-01,16:11:01,59.000,59.218,NA,NA,NA,58.562,58.562,57.937,59.218
2026-09-01,16:12:01,59.406,59.312,NA,NA,NA,58.531,58.656,57.968,59.406
2026-09-01,16:13:01,59.125,59.187,NA,NA,NA,58.593,58.562,58.031,59.187
2026-09-01,16:14:02,59.187,58.968,NA,NA,NA,58.656,58.500,58.000,59.093
2026-09-01,16:15:01,58.750,58.937,NA,NA,NA,58.531,58.531,58.031,58.937
2026-09-01,16:16:01,59.468,59.000,NA,NA,NA,58.562,58.531,57.937,59.125
2026-09-01,16:17:01,59.031,58.937,NA,NA,NA,58.687,58.593,57.968,59.031
2026-09-01,16:18:01,59.218,59.312,NA,NA,NA,58.625,58.593,57.875,59.312
2026-09-01,16:19:01,59.218,59.031,NA,NA,NA,58.562,58.656,57.968,59.218
2026-09-01,16:20:01,58.968,59.031,NA,NA,NA,58.625,58.437,57.906,59.031
2026-09-01,16:21:01,59.093,58.968,NA,NA,NA,58.593,58.531,57.937,58.968
2026-09-01,16:22:01,58.750,59.187,NA,NA,NA,58.562,58.500,57.937,59.187
2026-09-01,16:23:01,59.000,58.968,NA,NA,NA,58.562,58.500,58.031,59.000
2026-09-01,16:24:01,59.187,58.968,NA,NA,NA,58.656,58.656,58.031,59.187
2026-09-01,16:25:01,58.781,59.187,NA,NA,NA,58.625,58.593,58.031,59.187
2026-09-01,16:26:01,59.250,59.187,NA,NA,NA,58.468,58.625,57.843,59.250
2026-09-01,16:27:02,59.031,58.968,NA,NA,NA,58.562,58.531,58.093,59.031
2026-09-01,16:28:01,59.187,59.062,NA,NA,NA,58.718,58.656,57.937,59.187
2026-09-01,16:29:01,59.250,59.062,NA,NA,NA,58.531,58.656,58.000,59.250
2026-09-01,16:30:01,59.000,59.312,NA,NA,NA,58.531,58.531,57.937,59.312
2026-09-01,16:31:01,58.875,59.281,NA,NA,NA,58.656,58.625,58.000,59.281
2026-09-01,16:32:01,59.187,59.406,NA,NA,NA,58.656,58.562,57.968,59.406
2026-09-01,16:33:01,58.968,59.218,NA,NA,NA,58.625,58.593,58.062,59.218
2026-09-01,16:34:01,58.906,59.281,NA,NA,NA,58.656,58.593,57.843,59.281
2026-09-01,16:35:01,59.062,59.000,NA,NA,NA,58.656,58.718,57.906,59.062
2026-09-01,16:36:01,58.968,59.187,NA,NA,NA,58.562,58.531,57.875,58.968
2026-09-01,16:37:01,59.000,59.062,NA,NA,NA,58.562,58.468,57.968,59.062
2026-09-01,16:38:01,59.187,59.000,NA,NA,NA,58.562,58.562,57.968,59.187
2026-09-01,16:39:02,59.187,59.343,NA,NA,NA,58.562,58.687,58.125,59.343
2026-09-01,16:40:01,58.906,59.062,NA,NA,NA,58.468,58.531,58.000,59.062
2026-09-01,16:41:01,59.125,59.406,NA,NA,NA,58.656,58.593,57.968,59.406
2026-09-01,16:42:01,58.968,59.343,NA,NA,NA,58.718,58.593,58.125,59.343
2026-09-01,16:43:01,58.906,59.093,NA,NA,NA,58.718,58.593,58.093,59.093
2026-09-01,16:44:01,58.906,59.281,NA,NA,NA,58.687,58.625,58.093,59.281
2026-09-01,16:45:01,58.937,59.093,NA,NA,NA,58.687,58.687,58.156,59.093
2026-09-01,16:46:01,58.875,59.343,NA,NA,NA,58.656,58.750,58.031,59.343
2026-09-01,16:47:01,59.031,58.968,NA,NA,NA,58.812,58.750,58.156,59.031
2026-09-01,16:48:01,58.875,59.031,NA,NA,NA,58.781,58.687,58.125,59.031
2026-09-01,16:49:01,58.906,59.281,NA,NA,NA,58.781,58.656,58.156,59.281
2026-09-01,16:50:01,58.937,59.000,NA,NA,NA,58.750,58.687,58.156,59.000
2026-09-01,16:51:01,59.218,59.531,NA,NA,NA,58.718,58.843,58.062,59.531
2026-09-01,16:52:02,59.437,59.218,NA,NA,NA,58.750,58.812,58.062,59.437
2026-09-01,16:53:01,59.093,59.218,NA,NA,NA,58.718,58.625,58.031,59.468
2026-09-01,16:54:01,58.843,59.468,NA,NA,NA,58.718,58.593,58.062,59.156
2026-09-01,16:55:01,59.187,59.375,NA,NA,NA,58.593,58.562,58.125,59.375
2026-09-01,16:56:01,59.093,59.375,NA,NA,NA,58.718,58.625,58.093,59.093
2026-09-01,16:57:01,58.968,59.218,NA,NA,NA,58.687,58.656,58.000,59.218
2026-09-01,16:58:01,59.187,59.093,NA,NA,NA,58.687,58.625,58.093,59.187
2026-09-01,16:59:01,59.437,59.312,NA,NA,NA,58.687,58.562,58.000,59.437
2026-09-01,17:00:01,59.406,59.031,NA,NA,NA,58.656,58.625,58.062,59.218
2026-09-01,17:01:01,59.187,59.312,NA,NA,NA,58.687,58.562,58.000,59.312
2026-09-01,17:02:01,59.187,59.000,NA,NA,NA,58.718,58.687,58.093,59.250
2026-09-01,17:03:01,58.812,59.062,NA,NA,NA,58.718,58.718,58.093,59.062
2026-09-01,17:04:02,59.187,59.218,NA,NA,NA,58.750,58.625,58.031,59.218
2026-09-01,17:05:01,59.156,59.156,NA,NA,NA,58.718,58.656,58.093,59.156
2026-09-01,17:06:01,59.125,59.468,NA,NA,NA,58.750,58.687,58.156,59.468
2026-09-01,17:07:01,59.031,59.500,NA,NA,NA,58.718,58.593,58.062,59.500
2026-09-01,17:08:01,58.906,59.218,NA,NA,NA,58.718,58.656,58.000,59.437
2026-09-01,17:09:01,59.000,59.187,NA,NA,NA,58.718,58.718,58.093,59.187
2026-09-01,17:10:01,58.843,59.406,NA,NA,NA,58.750,58.718,58.156,59.406
2026-09-01,17:11:01,58.875,59.125,NA,NA,NA,58.750,58.718,58.093,59.125
2026-09-01,17:12:01,59.250,59.343,NA,NA,NA,58.750,58.687,58.093,59.343
2026-09-01,17:13:01,59.000,59.187,NA,NA,NA,58.750,58.593,58.062,59.187
2026-09-01,17:14:01,58.843,59.343,NA,NA,NA,58.687,58.656,58.156,59.343
2026-09-01,17:15:01,59.312,59.312,NA,NA,NA,58.718,58.593,58.062,59.312
2026-09-01,17:16:01,59.093,59.250,NA,NA,NA,58.718,58.687,58.031,59.250
2026-09-01,17:17:02,58.812,59.250,NA,NA,NA,58.750,58.718,58.156,59.250
2026-09-01,17:18:01,59.000,59.250,NA,NA,NA,58.750,58.687,58.093,59.250
2026-09-01,17:19:01,59.406,59.531,NA,NA,NA,58.843,58.718,58.156,59.531
2026-09-01,17:20:01,59.062,59.187,NA,NA,NA,58.781,58.906,58.093,59.187
2026-09-01,17:21:01,59.312,59.218,NA,NA,NA,58.750,58.687,58.125,59.312
2026-09-01,17:22:01,59.156,59.437,NA,NA,NA,58.812,58.750,58.187,59.437
2026-09-01,17:23:01,59.250,59.093,NA,NA,NA,58.812,58.781,58.125,59.250
2026-09-01,17:24:01,59.375,59.343,NA,NA,NA,58.656,58.812,58.062,59.375
2026-09-01,17:25:01,59.093,59.093,NA,NA,NA,58.812,58.718,58.062,59.187
2026-09-01,17:26:01,59.343,59.125,NA,NA,NA,58.718,58.593,58.062,59.343
2026-09-01,17:27:01,59.187,59.312,NA,NA,NA,58.718,58.625,58.031,59.312
2026-09-01,17:28:01,59.187,59.093,NA,NA,NA,58.718,58.593,57.968,59.187
2026-09-01,17:29:01,59.500,59.218,NA,NA,NA,58.718,58.656,58.000,59.500
2026-09-01,17:30:02,59.187,59.187,NA,NA,NA,58.718,58.562,58.093,59.187
2026-09-01,17:31:01,59.093,59.125,NA,NA,NA,58.750,58.593,58.125,59.125
2026-09-01,17:32:01,59.187,59.437,NA,NA,NA,58.750,58.687,58.187,59.437
2026-09-01,17:33:01,59.437,59.187,NA,NA,NA,58.625,58.812,58.031,59.437
2026-09-01,17:34:01,59.062,59.375,NA,NA,NA,58.718,58.625,58.156,59.375
2026-09-01,17:35:01,59.156,59.312,NA,NA,NA,58.718,58.656,58.125,59.312
2026-09-01,17:36:01,59.218,59.281,NA,NA,NA,58.781,58.750,58.062,59.281
2026-09-01,17:37:01,59.062,59.218,NA,NA,NA,58.718,58.625,58.125,59.218
2026-09-01,17:38:01,59.187,59.187,NA,NA,NA,58.750,58.593,58.093,59.187
2026-09-01,17:39:01,58.906,59.062,NA,NA,NA,58.656,58.656,58.062,59.062
2026-09-01,17:40:01,59.062,59.437,NA,NA,NA,58.625,58.687,58.156,59.437
2026-09-01,17:41:01,59.000,59.375,NA,NA,NA,58.718,58.750,58.031,59.375
2026-09-01,17:42:02,59.125,59.093,NA,NA,NA,58.718,58.750,58.062,59.125
2026-09-01,17:43:01,59.000,59.312,NA,NA,NA,58.718,58.593,58.031,59.312
2026-09-01,17:44:01,58.843,59.281,NA,NA,NA,58.625,58.562,58.000,59.281
2026-09-01,17:45:01,59.031,59.250,NA,NA,NA,58.781,58.625,58.125,59.250
2026-09-01,17:46:01,59.062,59.156,NA,NA,NA,58.531,58.531,57.937,59.156
2026-09-01,17:47:01,58.718,59.125,NA,NA,NA,58.562,58.531,57.968,59.125
2026-09-01,17:48:01,58.875,59.093,NA,NA,NA,58.593,58.531,57.968,59.093
2026-09-01,17:49:01,58.937,59.062,NA,NA,NA,58.718,58.562,58.031,59.125
2026-09-01,17:50:01,58.937,58.968,NA,NA,NA,58.500,58.625,57.906,58.968
2026-09-01,17:51:01,59.000,59.156,NA,NA,NA,58.500,58.406,57.875,59.156
2026-09-01,17:52:01,59.000,59.156,NA,NA,NA,58.437,58.406,57.937,59.156
2026-09-01,17:53:01,58.750,59.156,NA,NA,NA,58.468,58.562,57.843,59.156
2026-09-01,17:54:02,58.937,59.125,NA,NA,NA,58.531,58.468,57.937,59.125
2026-09-01,17:55:01,59.250,58.843,NA,NA,NA,58.437,58.437,57.781,58.875
2026-09-01,17:56:01,59.031,58.781,NA,NA,NA,58.531,58.437,57.906,59.031
2026-09-01,17:57:01,58.750,58.906,NA,NA,NA,58.343,58.531,57.718,58.906
2026-09-01,17:58:01,59.031,58.843,NA,NA,NA,58.375,58.437,57.687,59.031
2026-09-01,17:59:01,58.875,59.125,NA,NA,NA,58.375,58.343,57.843,59.125
2026-09-01,18:00:01,58.843,58.781,NA,NA,NA,58.375,58.343,57.750,59.093
2026-09-01,18:01:01,58.812,58.968,NA,NA,NA,58.406,58.406,57.812,58.968
2026-09-01,18:02:01,59.187,58.843,NA,NA,NA,58.468,58.406,57.812,59.187
2026-09-01,18:03:01,59.093,58.937,NA,NA,NA,58.281,58.250,57.750,59.093
2026-09-01,18:04:01,59.031,58.968,NA,NA,NA,58.312,58.281,57.718,59.031
2026-09-01,18:05:01,58.656,58.750,NA,NA,NA,58.437,58.250,57.687,58.750
2026-09-01,18:06:01,58.593,58.906,NA,NA,NA,58.406,58.343,57.687,58.906
2026-09-01,18:07:02,58.656,58.843,NA,NA,NA,58.375,58.312,57.718,58.843
2026-09-01,18:08:01,58.781,58.906,NA,NA,NA,58.531,58.437,57.687,59.187
2026-09-01,18:09:01,58.906,58.812,NA,NA,NA,58.250,58.437,57.750,58.906
2026-09-01,18:10:01,58.718,59.156,NA,NA,NA,58.281,58.562,57.718,59.156
2026-09-01,18:11:01,59.000,58.875,NA,NA,NA,58.312,58.531,57.750,59.062
2026-09-01,18:12:01,58.812,58.875,NA,NA,NA,58.281,58.343,57.687,58.875
2026-09-01,18:13:01,58.968,59.125,NA,NA,NA,58.375,58.343,57.750,59.125
2026-09-01,18:14:01,58.937,59.000,NA,NA,NA,58.343,58.343,57.781,58.937
2026-09-01,18:15:01,58.687,59.062,NA,NA,NA,58.468,58.437,57.750,59.062
2026-09-01,18:16:01,58.812,58.812,NA,NA,NA,58.281,58.343,57.906,58.812
2026-09-01,18:17:01,58.937,58.968,NA,NA,NA,58.281,58.343,57.781,58.968
2026-09-01,18:18:01,58.937,58.875,NA,NA,NA,58.375,58.437,57.750,58.937
2026-09-01,18:19:02,58.718,58.812,NA,NA,NA,58.437,58.437,57.781,58.875
2026-09-01,18:20:01,58.812,58.843,NA,NA,NA,58.437,58.500,57.843,58.843
2026-09-01,18:21:01,58.718,59.062,NA,NA,NA,58.500,58.437,57.812,59.062
2026-09-01,18:22:01,58.781,59.062,NA,NA,NA,58.437,58.437,57.812,59.062
2026-09-01,18:23:01,58.812,59.062,NA,NA,NA,58.437,58.437,57.812,59.062
2026-09-01,18:24:01,58.781,58.812,NA,NA,NA,58.500,58.468,57.843,58.843
2026-09-01,18:25:01,59.187,58.781,NA,NA,NA,58.437,58.343,57.843,59.187
2026-09-01,18:26:01,58.937,58.750,NA,NA,NA,58.343,58.375,57.750,58.937
2026-09-01,18:27:01,58.781,59.031,NA,NA,NA,58.406,58.468,57.875,58.781
2026-09-01,18:28:01,58.718,58.968,NA,NA,NA,58.437,58.406,57.843,58.968
2026-09-01,18:29:01,58.843,59.312,NA,NA,NA,58.406,58.625,57.750,59.312
2026-09-01,18:30:01,58.750,59.281,NA,NA,NA,58.468,58.437,57.937,59.281
2026-09-01,18:31:02,59.093,59.156,NA,NA,NA,58.312,58.593,57.750,59.156
2026-09-01,18:32:01,58.718,59.062,NA,NA,NA,58.343,58.437,57.750,59.062
2026-09-01,18:33:01,58.718,59.000,NA,NA,NA,58.500,58.406,57.812,59.000
2026-09-01,18:34:01,58.875,58.812,NA,NA,NA,58.437,58.375,57.750,58.968
2026-09-01,18:35:01,58.812,58.718,NA,NA,NA,58.437,58.437,57.781,58.875
2026-09-01,18:36:01,58.906,58.937,NA,NA,NA,58.343,58.312,57.656,58.937
2026-09-01,18:37:01,58.812,58.843,NA,NA,NA,58.281,58.343,57.750,58.843
2026-09-01,18:38:01,58.656,59.156,NA,NA,NA,58.343,58.343,57.843,58.750
2026-09-01,18:39:01,58.593,59.156,NA,NA,NA,58.375,58.437,57.687,59.156
2026-09-01,18:40:01,58.875,59.000,NA,NA,NA,58.437,58.437,57.687,59.000
2026-09-01,18:41:01,58.593,59.000,NA,NA,NA,58.281,58.187,57.750,59.000
2026-09-01,18:42:01,58.500,58.906,NA,NA,NA,58.343,58.312,57.656,58.906
2026-09-01,18:43:02,58.562,58.843,NA,NA,NA,58.218,58.281,57.718,58.843
2026-09-01,18:44:01,58.812,58.781,NA,NA,NA,58.125,58.250,57.593,58.781
2026-09-01,18:45:01,58.500,58.531,NA,NA,NA,58.156,58.250,57.656,58.531
2026-09-01,18:46:01,58.593,58.718,NA,NA,NA,58.218,58.156,57.531,58.718
2026-09-01,18:47:01,58.531,58.718,NA,NA,NA,58.312,58.312,57.562,58.968
2026-09-01,18:48:01,58.406,58.968,NA,NA,NA,58.156,58.156,57.718,58.968
2026-09-01,18:49:01,58.406,58.625,NA,NA,NA,58.218,58.218,57.562,58.625
2026-09-01,18:50:01,58.781,58.781,NA,NA,NA,58.281,58.281,57.562,58.781
2026-09-01,18:51:01,58.593,58.531,NA,NA,NA,58.031,58.062,57.500,58.531
2026-09-01,18:52:01,58.656,58.500,NA,NA,NA,58.062,58.062,57.468,58.656
2026-09-01,18:53:01,58.562,58.656,NA,NA,NA,58.093,58.156,57.375,58.656
2026-09-01,18:54:01,58.531,58.500,NA,NA,NA,58.156,58.031,57.531,58.531
2026-09-01,18:55:01,58.468,58.593,NA,NA,NA,57.968,57.968,57.468,58.593
2026-09-01,18:56:02,58.437,58.625,NA,NA,NA,58.000,58.093,57.468,58.625
2026-09-01,18:57:01,58.687,58.843,NA,NA,NA,57.937,58.000,57.375,58.843
2026-09-01,18:58:01,58.312,58.718,NA,NA,NA,58.000,58.000,57.343,58.718
2026-09-01,18:59:01,58.437,58.593,NA,NA,NA,58.093,58.125,57.437,58.593
2026-09-01,19:00:01,58.625,58.406,NA,NA,NA,58.156,58.156,57.281,58.625
2026-09-01,19:01:01,58.500,58.375,NA,NA,NA,57.937,57.875,57.281,58.375
2026-09-01,19:02:01,58.375,58.500,NA,NA,NA,57.875,57.875,57.343,58.500
2026-09-01,19:03:01,58.312,58.500,NA,NA,NA,57.875,57.937,57.250,58.500
2026-09-01,19:04:01,58.187,58.218,NA,NA,NA,57.875,57.875,57.375,58.218
2026-09-01,19:05:01,58.281,58.281,NA,NA,NA,58.000,57.968,57.312,58.281
2026-09-01,19:06:01,58.468,58.406,NA,NA,NA,57.843,57.812,57.312,58.468
2026-09-01,19:07:01,58.093,58.687,NA,NA,NA,57.750,57.875,57.250,58.687
2026-09-01,19:08:02,58.375,58.281,NA,NA,NA,57.781,57.781,57.218,58.375
2026-09-01,19:09:01,58.281,58.562,NA,NA,NA,57.843,57.812,57.250,58.562
2026-09-01,19:10:01,58.343,58.500,NA,NA,NA,57.937,57.843,57.312,58.500
2026-09-01,19:11:01,58.375,58.218,NA,NA,NA,57.812,57.937,57.281,58.375
2026-09-01,19:12:01,58.250,58.187,NA,NA,NA,57.937,57.906,57.156,58.281
2026-09-01,19:13:01,58.531,58.468,NA,NA,NA,57.750,57.812,57.187,58.531
2026-09-01,19:14:01,58.031,58.437,NA,NA,NA,57.750,57.687,57.156,58.437
2026-09-01,19:15:01,58.218,58.312,NA,NA,NA,57.781,57.718,57.250,58.312
2026-09-01,19:16:01,58.062,58.281,NA,NA,NA,57.843,57.843,57.250,58.281
2026-09-01,19:17:01,58.468,58.593,NA,NA,NA,57.781,57.781,57.250,58.593
2026-09-01,19:18:01,58.656,58.312,NA,NA,NA,57.750,57.656,57.156,58.656
2026-09-01,19:19:01,58.187,58.125,NA,NA,NA,57.812,57.781,57.156,58.187
2026-09-01,19:20:02,58.187,58.093,NA,NA,NA,57.718,57.750,57.281,58.187
2026-09-01,19:21:01,58.093,58.281,NA,NA,NA,57.625,57.687,57.031,58.281
2026-09-01,19:22:01,58.218,58.250,NA,NA,NA,57.687,57.656,57.156,58.250
2026-09-01,19:23:01,58.031,58.250,NA,NA,NA,57.750,57.718,57.125,58.250
2026-09-01,19:24:01,58.281,58.218,NA,NA,NA,57.812,57.718,57.156,58.281
2026-09-01,19:25:01,58.343,58.187,NA,NA,NA,57.687,57.656,57.031,58.343
2026-09-01,19:26:01,58.156,58.156,NA,NA,NA,57.656,57.687,57.031,58.156
2026-09-01,19:27:01,57.906,58.031,NA,NA,NA,57.531,57.687,57.062,58.093
2026-09-01,19:28:01,58.093,58.281,NA,NA,NA,57.718,57.625,57.031,58.281
2026-09-01,19:29:01,58.000,58.062,NA,NA,NA,57.656,57.718,57.000,58.062
2026-09-01,19:30:01,58.000,58.031,NA,NA,NA,57.562,57.625,57.062,58.031
2026-09-01,19:31:01,58.125,58.000,NA,NA,NA,57.593,57.625,57.093,58.125
2026-09-01,19:32:01,57.968,58.093,NA,NA,NA,57.687,57.750,57.093,58.187
2026-09-01,19:33:01,58.125,58.187,NA,NA,NA,57.625,57.656,57.031,58.187
2026-09-01,19:34:01,57.875,58.000,NA,NA,NA,57.656,57.625,57.031,58.156
2026-09-01,19:35:01,58.031,58.437,NA,NA,NA,57.687,57.687,57.062,58.437
2026-09-01,19:36:01,58.000,58.468,NA,NA,NA,57.687,57.625,57.062,58.468
2026-09-01,19:37:01,58.156,58.468,NA,NA,NA,57.500,57.593,57.031,58.468
2026-09-01,19:38:01,58.031,58.062,NA,NA,NA,57.531,57.750,56.843,58.062
2026-09-01,19:39:01,58.031,58.031,NA,NA,NA,57.593,57.593,57.031,58.031
2026-09-01,19:40:01,58.125,58.031,NA,NA,NA,57.718,57.593,56.968,58.125
2026-09-01,19:41:01,57.906,58.000,NA,NA,NA,57.625,57.593,56.937,58.000
2026-09-01,19:42:01,57.875,58.187,NA,NA,NA,57.593,57.656,57.000,58.187
2026-09-01,19:43:01,57.906,58.125,NA,NA,NA,57.531,57.656,56.906,58.125
2026-09-01,19:44:01,58.375,57.937,NA,NA,NA,57.468,57.687,56.906,58.375
2026-09-01,19:45:02,57.937,58.062,NA,NA,NA,57.437,57.531,57.031,58.062
2026-09-01,19:46:01,57.812,58.312,NA,NA,NA,57.531,57.656,57.000,58.312
2026-09-01,19:47:01,57.843,58.312,NA,NA,NA,57.625,57.562,56.906,58.000
2026-09-01,19:48:01,57.843,58.312,NA,NA,NA,57.531,57.562,56.937,58.312
2026-09-01,19:49:01,58.062,58.000,NA,NA,NA,57.593,57.687,56.906,58.062
2026-09-01,19:50:01,57.906,58.000,NA,NA,NA,57.531,57.656,56.843,58.062
2026-09-01,19:51:01,57.875,58.125,NA,NA,NA,57.406,57.656,56.781,58.125
2026-09-01,19:52:01,57.843,57.906,NA,NA,NA,57.343,57.687,56.812,57.906
2026-09-01,19:53:01,58.156,58.000,NA,NA,NA,57.312,57.656,56.781,58.156
2026-09-01,19:54:01,58.062,57.843,NA,NA,NA,57.468,57.656,56.812,58.062
2026-09-01,19:55:01,58.250,58.031,NA,NA,NA,57.375,57.656,56.843,58.250
2026-09-01,19:56:01,58.187,58.000,NA,NA,NA,57.437,57.687,56.843,58.000
2026-09-01,19:57:02,58.406,57.750,NA,NA,NA,57.406,57.437,56.843,58.406
2026-09-01,19:58:01,57.843,58.187,NA,NA,NA,57.531,57.562,56.843,58.187
2026-09-01,19:59:01,58.156,57.968,NA,NA,NA,57.343,57.468,56.750,57.968
2026-09-01,20:00:01,58.000,58.125,NA,NA,NA,57.468,57.500,56.843,58.125
2026-09-01,20:01:01,58.375,57.937,NA,NA,NA,57.406,57.500,56.812,58.156
2026-09-01,20:02:01,58.187,58.125,NA,NA,NA,57.406,57.437,56.812,58.125
2026-09-01,20:03:01,58.000,57.843,NA,NA,NA,57.343,57.406,56.781,58.000
2026-09-01,20:04:01,58.312,57.781,NA,NA,NA,57.406,57.468,56.875,58.000
2026-09-01,20:05:01,58.031,58.000,NA,NA,NA,57.406,57.437,56.843,58.031
2026-09-01,20:06:01,58.000,57.937,NA,NA,NA,57.406,57.500,56.812,58.000
2026-09-01,20:07:01,57.750,57.937,NA,NA,NA,57.406,57.406,56.781,57.937
2026-09-01,20:08:01,58.000,58.250,NA,NA,NA,57.312,57.531,56.718,58.250
2026-09-01,20:09:01,58.031,58.125,NA,NA,NA,57.343,57.406,56.781,58.125
2026-09-01,20:10:01,57.906,58.031,NA,NA,NA,57.312,57.437,56.843,58.031
2026-09-01,20:11:01,57.937,58.062,NA,NA,NA,57.375,57.437,56.781,58.062
2026-09-01,20:12:01,57.968,57.843,NA,NA,NA,57.468,57.531,56.812,57.968
2026-09-01,20:13:01,58.062,57.812,NA,NA,NA,57.500,57.468,56.843,58.062
2026-09-01,20:14:01,57.968,58.000,NA,NA,NA,57.531,57.593,56.843,58.281
2026-09-01,20:15:01,57.750,57.968,NA,NA,NA,57.375,57.562,56.781,57.968
2026-09-01,20:16:01,57.968,57.937,NA,NA,NA,57.343,57.343,56.750,57.968
2026-09-01,20:17:01,57.750,57.937,NA,NA,NA,57.468,57.500,56.843,58.218
2026-09-01,20:18:01,58.062,57.937,NA,NA,NA,57.343,57.593,56.812,58.062
2026-09-01,20:19:01,58.062,57.812,NA,NA,NA,57.281,57.562,56.687,57.875
2026-09-01,20:20:01,58.062,57.812,NA,NA,NA,57.343,57.406,56.781,58.062
2026-09-01,20:21:01,57.906,58.031,NA,NA,NA,57.281,57.375,56.718,58.031
2026-09-01,20:22:02,57.656,57.812,NA,NA,NA,57.343,57.375,56.718,57.812
2026-09-01,20:23:01,57.593,57.906,NA,NA,NA,57.312,57.375,56.687,57.906
2026-09-01,20:24:01,57.656,57.625,NA,NA,NA,57.312,57.343,56.687,57.718
2026-09-01,20:25:01,57.656,57.687,NA,NA,NA,57.375,57.468,56.750,57.812
2026-09-01,20:26:01,58.125,57.656,NA,NA,NA,57.343,57.375,56.687,58.125
2026-09-01,20:27:01,57.750,57.625,NA,NA,NA,57.312,57.437,56.593,57.750
2026-09-01,20:28:01,57.718,57.750,NA,NA,NA,57.250,57.281,56.687,57.750
2026-09-01,20:29:01,57.562,57.781,NA,NA,NA,57.281,57.343,56.687,57.781
2026-09-01,20:30:01,57.937,57.750,NA,NA,NA,57.281,57.250,56.625,57.937
2026-09-01,20:31:01,57.781,57.937,NA,NA,NA,57.156,57.312,56.656,57.937
2026-09-01,20:32:01,57.718,57.718,NA,NA,NA,57.281,57.343,56.687,57.968
2026-09-01,20:33:01,57.656,57.656,NA,NA,NA,57.250,57.218,56.687,57.656
2026-09-01,20:34:02,57.750,57.593,NA,NA,NA,57.343,57.250,56.656,57.750
2026-09-01,20:35:01,57.781,57.781,NA,NA,NA,57.218,57.250,56.500,57.781
2026-09-01,20:36:01,57.531,57.625,NA,NA,NA,57.218,57.156,56.687,57.625
2026-09-01,20:37:01,57.750,57.750,NA,NA,NA,57.218,57.218,56.625,57.750
2026-09-01,20:38:01,57.625,57.718,NA,NA,NA,57.156,57.156,56.593,57.718
2026-09-01,20:39:01,57.531,58.093,NA,NA,NA,57.062,57.281,56.593,58.093
2026-09-01,20:40:01,57.468,57.687,NA,NA,NA,57.218,57.218,56.562,57.687
2026-09-01,20:41:01,57.656,58.000,NA,NA,NA,57.156,57.218,56.593,58.000
2026-09-01,20:42:01,57.750,57.656,NA,NA,NA,57.125,57.187,56.500,57.750
2026-09-01,20:43:01,57.562,57.593,NA,NA,NA,57.187,57.218,56.593,57.593
2026-09-01,20:44:01,57.531,57.875,NA,NA,NA,57.125,57.187,56.656,57.875
2026-09-01,20:45:01,57.625,57.531,NA,NA,NA,57.000,57.156,56.437,57.531
2026-09-01,20:46:01,57.531,57.531,NA,NA,NA,57.187,57.062,56.500,57.750
2026-09-01,20:47:02,57.406,57.687,NA,NA,NA,57.218,57.187,56.468,57.687
2026-09-01,20:48:01,57.437,57.437,NA,NA,NA,57.187,57.187,56.500,57.718
2026-09-01,20:49:01,57.500,58.000,NA,NA,NA,57.031,57.093,56.437,58.000
2026-09-01,20:50:01,57.468,58.000,NA,NA,NA,57.000,57.062,56.406,58.000
2026-09-01,20:51:01,57.343,57.937,NA,NA,NA,57.156,57.156,56.468,57.937
2026-09-01,20:52:01,57.687,57.812,NA,NA,NA,57.156,57.187,56.625,57.812
2026-09-01,20:53:01,57.531,57.593,NA,NA,NA,57.281,57.250,56.656,57.593
2026-09-01,20:54:01,57.593,57.812,NA,NA,NA,57.187,57.218,56.593,57.812
2026-09-01,20:55:01,57.593,57.593,NA,NA,NA,57.156,57.250,56.531,57.593
2026-09-01,20:56:01,57.531,57.531,NA,NA,NA,57.250,57.312,56.562,57.625
2026-09-01,20:57:01,57.750,57.718,NA,NA,NA,57.281,57.375,56.593,57.937
2026-09-01,20:58:01,57.687,57.531,NA,NA,NA,57.125,57.187,56.625,57.625
2026-09-01,20:59:02,57.593,57.531,NA,NA,NA,57.156,57.250,56.468,57.593
2026-09-01,21:00:01,57.656,58.000,NA,NA,NA,57.062,57.187,56.562,57.593
2026-09-01,21:01:01,57.500,57.718,NA,NA,NA,57.125,57.125,56.437,57.937
2026-09-01,21:02:01,57.531,57.562,NA,NA,NA,57.093,57.187,56.500,57.562
2026-09-01,21:03:01,57.500,57.937,NA,NA,NA,57.125,57.218,56.500,57.937
2026-09-01,21:04:01,57.531,57.812,NA,NA,NA,57.187,57.281,56.531,57.812
2026-09-01,21:05:01,57.843,57.562,NA,NA,NA,57.250,57.250,56.625,57.843
2026-09-01,21:06:01,57.500,57.781,NA,NA,NA,57.250,57.281,56.406,57.656
2026-09-01,21:07:01,57.718,57.500,NA,NA,NA,57.281,57.250,56.625,57.906
2026-09-01,21:08:01,57.593,57.687,NA,NA,NA,57.093,57.218,56.500,57.718
2026-09-01,21:09:01,57.531,57.468,NA,NA,NA,57.156,57.156,56.500,57.531
2026-09-01,21:10:01,57.312,57.687,NA,NA,NA,57.218,57.218,56.531,57.687
2026-09-01,21:11:01,57.437,57.437,NA,NA,NA,57.156,57.156,56.531,57.468
2026-09-01,21:12:02,57.406,57.656,NA,NA,NA,57.031,57.093,56.468,57.656
2026-09-01,21:13:01,57.531,57.937,NA,NA,NA,57.000,57.312,56.406,57.937
2026-09-01,21:14:01,57.718,57.531,NA,NA,NA,57.062,57.156,56.500,57.906
2026-09-01,21:15:01,57.718,57.718,NA,NA,NA,57.281,57.281,56.593,57.718
2026-09-01,21:16:01,59.781,59.406,NA,NA,NA,58.593,58.781,58.406,59.781
2026-09-01,21:17:01,60.625,60.656,NA,NA,NA,59.906,59.937,59.343,60.656
2026-09-01,21:18:01,60.500,60.093,NA,NA,NA,59.687,59.812,59.000,60.500
2026-09-01,21:19:01,61.375,61.375,NA,NA,NA,60.468,60.500,60.156,61.375
2026-09-01,21:20:01,63.000,62.375,NA,NA,NA,61.812,61.843,61.375,63.000
2026-09-01,21:21:01,63.562,63.031,NA,NA,NA,62.468,62.468,62.093,63.562
2026-09-01,21:22:01,63.875,63.468,NA,NA,NA,62.843,62.843,62.562,63.875
2026-09-01,21:23:01,64.437,64.093,NA,NA,NA,63.218,63.312,62.843,64.437
2026-09-01,21:24:01,65.000,64.187,NA,NA,NA,63.593,63.656,63.281,64.750
2026-09-01,21:25:02,63.093,63.250,NA,NA,NA,62.531,62.531,62.000,63.250
2026-09-01,21:26:01,62.593,62.437,NA,NA,NA,61.937,61.906,61.218,62.593
2026-09-01,21:27:01,62.281,62.031,NA,NA,NA,61.531,61.625,60.906,62.281
2026-09-01,21:28:01,62.093,61.875,NA,NA,NA,61.437,61.468,60.750,62.281
2026-09-01,21:29:01,61.906,61.781,NA,NA,NA,61.406,61.406,60.750,61.906
2026-09-01,21:30:01,62.093,62.000,NA,NA,NA,61.281,61.375,60.781,62.093
2026-09-01,21:31:01,61.875,61.812,NA,NA,NA,61.343,61.343,60.656,62.000
2026-09-01,21:32:01,61.875,61.781,NA,NA,NA,61.312,61.562,60.781,61.875
2026-09-01,21:33:01,62.093,61.937,NA,NA,NA,61.312,61.406,60.750,62.093
2026-09-01,21:34:01,62.156,62.250,NA,NA,NA,61.468,61.500,60.812,62.250
2026-09-01,21:35:01,62.093,62.187,NA,NA,NA,61.562,61.562,60.718,62.093
2026-09-01,21:36:02,62.281,61.937,NA,NA,NA,61.468,61.406,60.875,61.937
2026-09-01,21:37:01,62.343,61.968,NA,NA,NA,61.656,61.656,61.031,62.343
2026-09-01,21:38:01,62.187,61.968,NA,NA,NA,61.625,61.593,60.937,62.187
2026-09-01,21:39:01,62.312,62.125,NA,NA,NA,61.750,61.781,61.000,62.593
2026-09-01,21:40:01,62.156,62.437,NA,NA,NA,61.687,61.750,61.156,62.437
2026-09-01,21:41:01,62.187,62.375,NA,NA,NA,61.781,61.781,61.187,62.375
2026-09-01,21:42:01,62.781,62.218,NA,NA,NA,61.781,61.750,61.125,62.781
2026-09-01,21:43:01,62.343,62.375,NA,NA,NA,61.843,61.906,61.250,62.593
2026-09-01,21:44:01,62.437,62.406,NA,NA,NA,61.937,62.000,61.375,62.437
2026-09-01,21:45:01,62.906,62.750,NA,NA,NA,62.093,62.062,61.468,62.906
2026-09-01,21:46:01,62.406,62.437,NA,NA,NA,62.062,62.093,61.406,62.437
2026-09-01,21:47:01,62.750,62.437,NA,NA,NA,62.125,62.187,61.437,62.750
2026-09-01,21:48:02,62.593,62.500,NA,NA,NA,62.156,62.187,61.593,62.656
2026-09-01,21:49:01,62.625,62.593,NA,NA,NA,62.125,62.125,61.562,62.906
2026-09-01,21:50:01,62.781
2026-09-01,21:51:01,63.000
2026-09-01,21:52:01,62.843
2026-09-01,21:53:01,63.281
2026-09-01,21:54:01,62.906
2026-09-01,21:55:01,63.093
2026-09-01,21:56:01,63.031
2026-09-01,21:57:01,63.343
2026-09-01,21:58:01,63.093
2026-09-01,21:59:01,63.187
2026-09-01,22:00:02,62.968
2026-09-01,22:01:01,63.218
2026-09-01,22:02:01,63.343
2026-09-01,22:03:01,63.562
2026-09-01,22:04:01,63.343
2026-09-01,22:05:01,63.281
2026-09-01,22:06:01,63.250
2026-09-01,22:07:01,63.187
2026-09-01,22:08:01,63.375
2026-09-01,22:09:01,63.437
2026-09-01,22:10:01,63.125
2026-09-01,22:11:02,63.531
2026-09-01,22:12:01,63.781
2026-09-01,22:13:01,63.437
2026-09-01,22:14:01,63.406
2026-09-01,22:15:01,63.218
2026-09-01,22:16:01,63.312
2026-09-01,22:17:01,63.687
2026-09-01,22:18:01,63.343
2026-09-01,22:19:01,63.312
2026-09-01,22:20:01,63.156
2026-09-01,22:21:01,63.531
2026-09-01,22:22:01,63.218
2026-09-01,22:23:02,63.375
2026-09-01,22:24:01,63.218
2026-09-01,22:25:01,63.250
2026-09-01,22:26:01,63.406
2026-09-01,22:27:01,63.406
2026-09-01,22:28:01,63.093
2026-09-01,22:29:01,63.562
2026-09-01,22:30:01,63.218
2026-09-01,22:31:01,63.000
2026-09-01,22:32:01,63.125
2026-09-01,22:33:01,63.187
2026-09-01,22:34:01,63.468
2026-09-01,22:35:02,63.312
2026-09-01,22:36:01,63.156
2026-09-01,22:37:01,63.187
2026-09-01,22:38:01,63.218
2026-09-01,22:39:01,63.218
2026-09-01,22:40:01,63.250
2026-09-01,22:41:01,63.437
2026-09-01,22:42:01,63.156
2026-09-01,22:43:01,63.187
2026-09-01,22:44:01,63.312
2026-09-01,22:45:01,63.156
2026-09-01,22:46:01,63.156
2026-09-01,22:47:02,63.125
2026-09-01,22:48:01,63.062
2026-09-01,22:49:01,63.125
2026-09-01,22:50:01,63.125
2026-09-01,22:51:01,63.312
2026-09-01,22:52:01,63.062
2026-09-01,22:53:01,63.187
2026-09-01,22:54:01,63.281
2026-09-01,22:55:01,63.093
2026-09-01,22:56:01,63.250
2026-09-01,22:57:01,63.218
2026-09-01,22:58:02,63.125
2026-09-01,22:59:01,63.156
2026-09-01,23:00:01,63.062
2026-09-01,23:01:01,63.062
2026-09-01,23:02:01,63.250
2026-09-01,23:03:01,62.968
2026-09-01,23:04:01,63.125
2026-09-01,23:05:01,63.125
2026-09-01,23:06:01,63.187
2026-09-01,23:07:01,63.406
2026-09-01,23:08:01,63.437
2026-09-01,23:09:01,63.156
2026-09-01,23:10:02,63.125
2026-09-01,23:11:01,63.250
2026-09-01,23:12:01,63.250
2026-09-01,23:13:01,63.156
2026-09-01,23:14:01,63.218
2026-09-01,23:15:01,63.250
2026-09-01,23:16:01,63.281
2026-09-01,23:17:01,63.125
2026-09-01,23:18:01,63.406
2026-09-01,23:19:01,63.250
2026-09-01,23:20:01,63.687
2026-09-01,23:21:01,63.500
2026-09-01,23:22:02,63.187
2026-09-01,23:23:01,63.468
2026-09-01,23:24:01,63.468
2026-09-01,23:25:01,63.343
2026-09-01,23:26:01,63.312
2026-09-01,23:27:01,63.437
2026-09-01,23:28:01,63.406
2026-09-01,23:29:01,63.343
2026-09-01,23:30:01,63.625
2026-09-01,23:31:01,63.343
2026-09-01,23:32:01,63.312
2026-09-01,23:33:01,63.437
2026-09-01,23:34:02,63.343
2026-09-01,23:35:01,63.187
2026-09-01,23:36:01,63.437
2026-09-01,23:37:01,63.437
2026-09-01,23:38:01,63.343
2026-09-01,23:39:01,63.093
2026-09-01,23:40:01,63.093
2026-09-01,23:41:01,63.531
2026-09-01,23:42:01,63.375
2026-09-01,23:43:01,63.562
2026-09-01,23:44:01,63.281
2026-09-01,23:45:01,63.312
2026-09-01,23:46:02,63.250
2026-09-01,23:47:01,63.312
2026-09-01,23:48:01,63.437
2026-09-01,23:49:01,63.156
2026-09-01,23:50:01,63.156
2026-09-01,23:51:01,63.218
2026-09-01,23:52:01,63.062
2026-09-01,23:53:01,63.406
2026-09-01,23:54:01,63.187
2026-09-01,23:55:01,63.093
2026-09-01,23:56:01,63.343
2026-09-01,23:57:01,63.437
2026-09-01,23:58:02,63.281
2026-09-01,23:59:01,63.156
